    1
      0.000      0.000      0.000
  0.188E+03  0.164E+02  0.164E+02  0.000E+00  0.000E+00  0.000E+00
  0.164E+02  0.327E+02  0.119E+02  0.000E+00  0.000E+00  0.000E+00
  0.164E+02  0.119E+02  0.327E+02  0.000E+00  0.000E+00  0.000E+00
  0.000E+00  0.000E+00  0.000E+00  0.446E+01  0.000E+00  0.000E+00
  0.000E+00  0.000E+00  0.000E+00  0.000E+00  0.653E+01  0.000E+00
  0.000E+00  0.000E+00  0.000E+00  0.000E+00  0.000E+00  0.653E+01
  0.000E+00  0.000E+00  0.000E+00  0.000E+00  0.000E+00  0.000E+00
    1.0000    1.0000    1.0000
