1	 0,0000000000e+000	-3,41925e+001	 0,00000e+000
2	 5,0000000000e-001	-4,08194e+001	-1,89282e+001
3	 1,0000000000e+000	-1,12527e+002	 1,14678e+002
4	 1,5000000000e+000	 9,55575e+000	 6,70890e+001
5	 2,0000000000e+000	 1,51033e+002	 1,32472e+002
6	 2,5000000000e+000	 1,17398e+002	 5,97477e+001
7	 3,0000000000e+000	 9,84271e+001	 3,19738e+001
8	 3,5000000000e+000	 9,18030e+001	 3,21857e+001
9	 4,0000000000e+000	 9,37684e+001	 3,16042e+001
10	 4,5000000000e+000	 9,90509e+001	 2,07669e+001
11	 5,0000000000e+000	 1,12397e+002	 2,97751e+001
12	 5,5000000000e+000	 1,17277e+002	 2,32798e+001
13	 6,0000000000e+000	 1,34512e+002	 1,34704e+001
14	 6,5000000000e+000	 1,46396e+002	 4,18168e+000
15	 7,0000000000e+000	 1,87483e+002	-2,94480e+001
16	 7,5000000000e+000	 1,57388e+002	-1,62551e+002
17	 8,0000000000e+000	 3,67821e+001	-1,49776e+002
18	 8,5000000000e+000	 1,27453e+000	-7,77137e+001
19	 9,0000000000e+000	 5,82262e+000	-2,03751e+001
20	 9,5000000000e+000	 3,03947e+001	-1,98478e+001
21	 1,0000000000e+001	 3,15049e+001	-2,43151e+001
22	 1,0500000000e+001	 3,30461e+001	-1,23335e+001
23	 1,1000000000e+001	 3,64051e+001	-8,23451e+000
24	 1,1500000000e+001	 4,07967e+001	-8,68941e+000
25	 1,2000000000e+001	 3,70515e+001	-7,01739e+000
26	 1,2500000000e+001	 4,30962e+001	-4,15120e+000
27	 1,3000000000e+001	 4,34483e+001	-3,19910e+000
28	 1,3500000000e+001	 4,53324e+001	-3,68144e-001
29	 1,4000000000e+001	 4,54389e+001	-1,33471e+000
30	 1,4500000000e+001	 4,63637e+001	-1,74439e+000
31	 1,5000000000e+001	 4,55816e+001	 2,28404e+000
32	 1,5500000000e+001	 5,13198e+001	 7,79268e+000
33	 1,6000000000e+001	 5,87192e+001	-2,04809e+000
34	 1,6500000000e+001	 5,14897e+001	-1,62596e+000
35	 1,7000000000e+001	 5,00205e+001	-7,35624e-001
36	 1,7500000000e+001	 5,28169e+001	 1,40558e+000
37	 1,8000000000e+001	 5,21024e+001	 8,96210e-002
38	 1,8500000000e+001	 5,32710e+001	 2,63039e+000
39	 1,9000000000e+001	 5,55029e+001	 1,03442e+000
40	 1,9500000000e+001	 5,42815e+001	-3,94496e-001
41	 2,0000000000e+001	 5,36050e+001	 8,97926e-001
42	 2,0500000000e+001	 5,51785e+001	 1,53341e+000
43	 2,1000000000e+001	 5,62663e+001	 5,64577e-001
44	 2,1500000000e+001	 5,61374e+001	-8,14740e-001
45	 2,2000000000e+001	 5,57847e+001	-8,79934e-001
46	 2,2500000000e+001	 5,57947e+001	-2,63661e+000
47	 2,3000000000e+001	 5,39808e+001	-1,82081e+000
48	 2,3500000000e+001	 5,32277e+001	-1,13404e+000
49	 2,4000000000e+001	 5,50287e+001	-8,15552e-001
50	 2,4500000000e+001	 5,38702e+001	-1,70503e+000
51	 2,5000000000e+001	 5,36773e+001	-1,96994e+000
52	 2,5500000000e+001	 5,25756e+001	-1,42798e+000
53	 2,6000000000e+001	 5,25356e+001	-3,14974e-001
54	 2,6500000000e+001	 5,22493e+001	-1,57440e-001
55	 2,7000000000e+001	 5,27691e+001	 5,00113e-002
56	 2,7500000000e+001	 5,31088e+001	 4,22951e-001
57	 2,8000000000e+001	 5,32868e+001	 2,27760e-003
58	 2,8500000000e+001	 5,26010e+001	-2,31252e-001
59	 2,9000000000e+001	 5,21424e+001	 8,11728e-001
60	 2,9500000000e+001	 5,21575e+001	 1,22091e+000
61	 3,0000000000e+001	 5,20081e+001	 1,19587e+000
62	 3,0500000000e+001	 5,19445e+001	 1,98822e+000
63	 3,1000000000e+001	 5,27562e+001	 2,94590e+000
64	 3,1500000000e+001	 5,39428e+001	 2,64236e+000
65	 3,2000000000e+001	 5,42069e+001	 1,94389e+000
66	 3,2500000000e+001	 5,40671e+001	 1,84045e+000
67	 3,3000000000e+001	 5,29410e+001	 2,19531e+000
68	 3,3500000000e+001	 5,35302e+001	 2,10804e+000
69	 3,4000000000e+001	 5,46286e+001	 2,77968e+000
70	 3,4500000000e+001	 5,43895e+001	 2,78512e+000
71	 3,5000000000e+001	 5,45621e+001	 1,69248e+000
72	 3,5500000000e+001	 5,41120e+001	 2,07455e+000
73	 3,6000000000e+001	 5,41960e+001	 2,41785e+000
74	 3,6500000000e+001	 5,44485e+001	 2,21797e+000
75	 3,7000000000e+001	 5,43768e+001	 1,28286e+000
76	 3,7500000000e+001	 5,38411e+001	 1,81394e+000
77	 3,8000000000e+001	 5,40047e+001	 2,00729e+000
78	 3,8500000000e+001	 5,39540e+001	 2,36464e+000
79	 3,9000000000e+001	 5,42151e+001	 2,57148e+000
80	 3,9500000000e+001	 5,41847e+001	 2,42722e+000
81	 4,0000000000e+001	 5,40469e+001	 1,99672e+000
82	 4,0500000000e+001	 5,39773e+001	 2,82239e+000
83	 4,1000000000e+001	 5,47534e+001	 2,98691e+000
84	 4,1500000000e+001	 5,48304e+001	 1,83413e+000
85	 4,2000000000e+001	 5,40381e+001	 2,27915e+000
86	 4,2500000000e+001	 5,43447e+001	 2,99090e+000
87	 4,3000000000e+001	 5,51353e+001	 2,85441e+000
88	 4,3500000000e+001	 5,55842e+001	 2,00580e+000
89	 4,4000000000e+001	 5,51558e+001	 1,59266e+000
90	 4,4500000000e+001	 5,48076e+001	 1,90557e+000
91	 4,5000000000e+001	 5,51504e+001	 2,06524e+000
92	 4,5500000000e+001	 5,55409e+001	 2,25459e+000
93	 4,6000000000e+001	 5,57385e+001	 1,24673e+000
94	 4,6500000000e+001	 5,54071e+001	 8,45351e-001
95	 4,7000000000e+001	 5,50958e+001	 7,85920e-001
96	 4,7500000000e+001	 5,48436e+001	 1,01686e+000
97	 4,8000000000e+001	 5,52477e+001	 8,05150e-001
98	 4,8500000000e+001	 5,57579e+001	 5,22009e-001
99	 4,9000000000e+001	 5,54827e+001	 1,26328e-001
100	 4,9500000000e+001	 5,51397e+001	-4,23879e-001
101	 5,0000000000e+001	 5,47808e+001	-6,92629e-001
102	 5,0500000000e+001	 5,44936e+001	-9,70309e-001
103	 5,1000000000e+001	 5,40322e+001	-1,23797e+000
104	 5,1500000000e+001	 5,35556e+001	-1,09963e+000
105	 5,2000000000e+001	 5,39268e+001	-5,75419e-001
106	 5,2500000000e+001	 5,41358e+001	-1,50839e+000
107	 5,3000000000e+001	 5,32401e+001	-1,94892e+000
108	 5,3500000000e+001	 5,28217e+001	-1,61473e+000
109	 5,4000000000e+001	 5,28252e+001	-1,69801e+000
110	 5,4500000000e+001	 5,26832e+001	-1,88795e+000
111	 5,5000000000e+001	 5,22725e+001	-2,23278e+000
112	 5,5500000000e+001	 5,20796e+001	-2,29947e+000
113	 5,6000000000e+001	 5,17931e+001	-2,45249e+000
114	 5,6500000000e+001	 5,14758e+001	-2,63334e+000
115	 5,7000000000e+001	 5,12780e+001	-2,83856e+000
116	 5,7500000000e+001	 5,07782e+001	-2,94964e+000
117	 5,8000000000e+001	 5,03920e+001	-3,15992e+000
118	 5,8500000000e+001	 4,96691e+001	-2,98863e+000
119	 5,9000000000e+001	 4,95337e+001	-2,95058e+000
120	 5,9500000000e+001	 4,93004e+001	-2,95764e+000
121	 6,0000000000e+001	 4,90372e+001	-2,86989e+000
122	 6,0500000000e+001	 4,87948e+001	-3,01966e+000
123	 6,1000000000e+001	 4,85182e+001	-3,15451e+000
124	 6,1500000000e+001	 4,79718e+001	-3,22539e+000
125	 6,2000000000e+001	 4,75243e+001	-3,22331e+000
126	 6,2500000000e+001	 4,72079e+001	-3,25971e+000
127	 6,3000000000e+001	 4,68539e+001	-3,15800e+000
128	 6,3500000000e+001	 4,64609e+001	-3,21059e+000
129	 6,4000000000e+001	 4,59893e+001	-3,20934e+000
130	 6,4500000000e+001	 4,56731e+001	-2,96329e+000
131	 6,5000000000e+001	 4,55953e+001	-2,89141e+000
132	 6,5500000000e+001	 4,51367e+001	-2,87890e+000
133	 6,6000000000e+001	 4,46526e+001	-2,85063e+000
134	 6,6500000000e+001	 4,46959e+001	-3,01086e+000
135	 6,7000000000e+001	 4,40970e+001	-2,86607e+000
136	 6,7500000000e+001	 4,37603e+001	-3,08101e+000
137	 6,8000000000e+001	 4,32671e+001	-3,18189e+000
138	 6,8500000000e+001	 4,27663e+001	-2,82676e+000
139	 6,9000000000e+001	 4,22753e+001	-2,83713e+000
140	 6,9500000000e+001	 4,17261e+001	-2,72427e+000
141	 7,0000000000e+001	 4,14647e+001	-2,54257e+000
142	 7,0500000000e+001	 4,09002e+001	-2,36269e+000
143	 7,1000000000e+001	 4,06108e+001	-2,30759e+000
144	 7,1500000000e+001	 4,01885e+001	-1,85358e+000
145	 7,2000000000e+001	 3,96644e+001	-1,83114e+000
146	 7,2500000000e+001	 3,93724e+001	-1,50641e+000
147	 7,3000000000e+001	 3,91756e+001	-1,13972e+000
148	 7,3500000000e+001	 3,91653e+001	-1,00704e+000
149	 7,4000000000e+001	 3,91052e+001	-1,20642e+000
150	 7,4500000000e+001	 3,86614e+001	-1,48853e+000
151	 7,5000000000e+001	 3,78243e+001	-1,61452e+000
152	 7,5500000000e+001	 3,67699e+001	-1,38469e+000
153	 7,6000000000e+001	 3,60447e+001	-7,72208e-001
154	 7,6500000000e+001	 3,55646e+001	-5,28949e-002
155	 7,7000000000e+001	 3,53046e+001	 6,88085e-001
156	 7,7500000000e+001	 3,50845e+001	 1,32138e+000
157	 7,8000000000e+001	 3,52458e+001	 2,12863e+000
158	 7,8500000000e+001	 3,55795e+001	 2,25793e+000
159	 7,9000000000e+001	 3,56537e+001	 2,34264e+000
160	 7,9500000000e+001	 3,56291e+001	 2,61091e+000
161	 8,0000000000e+001	 3,57753e+001	 2,76964e+000
162	 8,0500000000e+001	 3,58868e+001	 2,77013e+000
163	 8,1000000000e+001	 3,58309e+001	 2,24322e+000
164	 8,1500000000e+001	 3,57324e+001	 2,35370e+000
165	 8,2000000000e+001	 3,53079e+001	 1,94655e+000
166	 8,2500000000e+001	 3,48687e+001	 2,17141e+000
167	 8,3000000000e+001	 3,45429e+001	 2,24957e+000
168	 8,3500000000e+001	 3,41816e+001	 2,46684e+000
169	 8,4000000000e+001	 3,42403e+001	 2,71485e+000
170	 8,4500000000e+001	 3,42931e+001	 2,73512e+000
171	 8,5000000000e+001	 3,41685e+001	 2,60186e+000
172	 8,5500000000e+001	 3,38723e+001	 2,39091e+000
173	 8,6000000000e+001	 3,38697e+001	 2,45697e+000
174	 8,6500000000e+001	 3,34460e+001	 2,26993e+000
175	 8,7000000000e+001	 3,32728e+001	 1,62770e+000
176	 8,7500000000e+001	 3,22112e+001	 1,46423e+000
177	 8,8000000000e+001	 3,17180e+001	 2,35424e+000
178	 8,8500000000e+001	 3,20058e+001	 2,40174e+000
179	 8,9000000000e+001	 3,21237e+001	 1,93374e+000
180	 8,9500000000e+001	 3,14058e+001	 1,53586e+000
181	 9,0000000000e+001	 3,08363e+001	 1,56902e+000
182	 9,0500000000e+001	 3,05014e+001	 1,44271e+000
183	 9,1000000000e+001	 2,98758e+001	 1,39113e+000
184	 9,1500000000e+001	 2,94973e+001	 1,42719e+000
185	 9,2000000000e+001	 2,91642e+001	 1,57545e+000
186	 9,2500000000e+001	 2,85466e+001	 1,04287e+000
187	 9,3000000000e+001	 2,76040e+001	 1,16022e+000
188	 9,3500000000e+001	 2,73005e+001	 1,66385e+000
189	 9,4000000000e+001	 2,71392e+001	 1,45484e+000
190	 9,4500000000e+001	 2,66640e+001	 1,44945e+000
191	 9,5000000000e+001	 2,58850e+001	 1,33134e+000
192	 9,5500000000e+001	 2,54858e+001	 1,37651e+000
193	 9,6000000000e+001	 2,48391e+001	 1,49444e+000
194	 9,6500000000e+001	 2,42704e+001	 1,89503e+000
195	 9,7000000000e+001	 2,43409e+001	 2,14128e+000
196	 9,7500000000e+001	 2,43142e+001	 1,52313e+000
197	 9,8000000000e+001	 2,28552e+001	 1,28339e+000
198	 9,8500000000e+001	 2,26110e+001	 1,41996e+000
199	 9,9000000000e+001	 2,21025e+001	 1,17598e+000
200	 9,9500000000e+001	 2,09265e+001	 1,66494e+000
201	 1,0000000000e+002	 2,08669e+001	 2,27364e+000
202	 1,0050000000e+002	 2,13297e+001	 2,01900e+000
203	 1,0100000000e+002	 2,08355e+001	 1,27317e+000
204	 1,0150000000e+002	 1,96275e+001	 8,23804e-001
205	 1,0200000000e+002	 1,88553e+001	 1,22304e+000
206	 1,0250000000e+002	 1,83254e+001	 6,77376e-001
207	 1,0300000000e+002	 1,73871e+001	 8,72550e-001
208	 1,0350000000e+002	 1,68139e+001	 1,12146e+000
209	 1,0400000000e+002	 1,61490e+001	 6,44824e-001
210	 1,0450000000e+002	 1,53520e+001	 5,44503e-001
211	 1,0500000000e+002	 1,41462e+001	 7,92443e-001
212	 1,0550000000e+002	 1,32960e+001	 1,06082e+000
213	 1,0600000000e+002	 1,30088e+001	 1,31292e+000
214	 1,0650000000e+002	 1,27010e+001	 1,33764e+000
215	 1,0700000000e+002	 1,20009e+001	 1,04056e+000
216	 1,0750000000e+002	 1,11365e+001	 9,10822e-001
217	 1,0800000000e+002	 1,05533e+001	 7,47299e-001
218	 1,0850000000e+002	 9,38846e+000	 4,31872e-001
219	 1,0900000000e+002	 8,17748e+000	 8,05065e-001
220	 1,0950000000e+002	 7,37055e+000	 1,13170e+000
221	 1,1000000000e+002	 6,97360e+000	 1,17675e+000
222	 1,1050000000e+002	 6,09358e+000	 1,09899e+000
223	 1,1100000000e+002	 5,24506e+000	 9,66599e-001
224	 1,1150000000e+002	 4,41756e+000	 1,25827e+000
225	 1,1200000000e+002	 3,61591e+000	 1,27661e+000
226	 1,1250000000e+002	 3,02144e+000	 1,11838e+000
227	 1,1300000000e+002	 2,04882e+000	 1,00160e+000
228	 1,1350000000e+002	 1,18299e+000	 1,05169e+000
229	 1,1400000000e+002	 5,35875e-001	 1,02402e+000
230	 1,1450000000e+002	-5,58679e-001	 4,84860e-001
231	 1,1500000000e+002	-1,47984e+000	 5,61118e-001
232	 1,1550000000e+002	-2,56820e+000	 3,31169e-001
233	 1,1600000000e+002	-3,62535e+000	 9,55212e-002
234	 1,1650000000e+002	-4,92413e+000	 1,82037e-001
235	 1,1700000000e+002	-5,95030e+000	 2,12967e-001
236	 1,1750000000e+002	-7,16559e+000	 2,47756e-002
237	 1,1800000000e+002	-8,43058e+000	 1,93008e-001
238	 1,1850000000e+002	-9,33994e+000	 2,95754e-001
239	 1,1900000000e+002	-1,04666e+001	 1,70741e-001
240	 1,1950000000e+002	-1,16315e+001	 7,02578e-002
241	 1,2000000000e+002	-1,26878e+001	 1,44788e-001
242	 1,2050000000e+002	-1,36587e+001	 1,18656e-002
243	 1,2100000000e+002	-1,47783e+001	-4,47168e-001
244	 1,2150000000e+002	-1,60335e+001	-7,64836e-001
245	 1,2200000000e+002	-1,72862e+001	-9,74225e-001
246	 1,2250000000e+002	-1,87211e+001	-1,41890e+000
247	 1,2300000000e+002	-2,02099e+001	-1,74381e+000
248	 1,2350000000e+002	-2,17554e+001	-1,95748e+000
249	 1,2400000000e+002	-2,32346e+001	-2,64437e+000
250	 1,2450000000e+002	-2,49773e+001	-3,05944e+000
251	 1,2500000000e+002	-2,69838e+001	-3,33293e+000
252	 1,2550000000e+002	-2,89442e+001	-3,81207e+000
253	 1,2600000000e+002	-3,11158e+001	-3,92194e+000
254	 1,2650000000e+002	-3,31642e+001	-3,97673e+000
255	 1,2700000000e+002	-3,51880e+001	-3,87488e+000
256	 1,2750000000e+002	-3,71260e+001	-4,14459e+000
257	 1,2800000000e+002	-3,94001e+001	-4,40423e+000
258	 1,2850000000e+002	-4,15685e+001	-4,53202e+000
259	 1,2900000000e+002	-4,38244e+001	-4,65116e+000
260	 1,2950000000e+002	-4,63558e+001	-4,74337e+000
261	 1,3000000000e+002	-4,86705e+001	-4,88176e+000
262	 1,3050000000e+002	-5,13987e+001	-4,79790e+000
263	 1,3100000000e+002	-5,41112e+001	-4,62102e+000
264	 1,3150000000e+002	-5,66421e+001	-4,50650e+000
265	 1,3200000000e+002	-5,93451e+001	-4,19605e+000
266	 1,3250000000e+002	-6,20856e+001	-3,92565e+000
267	 1,3300000000e+002	-6,48828e+001	-3,73227e+000
268	 1,3350000000e+002	-6,75188e+001	-3,22612e+000
269	 1,3400000000e+002	-7,02621e+001	-2,88602e+000
270	 1,3450000000e+002	-7,31412e+001	-2,68596e+000
271	 1,3500000000e+002	-7,59617e+001	-2,29273e+000
272	 1,3550000000e+002	-7,90490e+001	-1,79847e+000
273	 1,3600000000e+002	-8,18616e+001	-1,18820e+000
274	 1,3650000000e+002	-8,45217e+001	-5,51602e-001
275	 1,3700000000e+002	-8,70225e+001	-3,35634e-001
276	 1,3750000000e+002	-8,97983e+001	-3,32836e-001
277	 1,3800000000e+002	-9,29137e+001	-1,70648e-001
278	 1,3850000000e+002	-9,57457e+001	-2,14671e-001
279	 1,3900000000e+002	-9,88848e+001	-4,49784e-001
280	 1,3950000000e+002	-1,02253e+002	-8,38843e-001
281	 1,4000000000e+002	-1,05758e+002	-1,13630e+000
282	 1,4050000000e+002	-1,09494e+002	-1,51091e+000
283	 1,4100000000e+002	-1,13722e+002	-1,85255e+000
284	 1,4150000000e+002	-1,17933e+002	-2,09115e+000
285	 1,4200000000e+002	-1,22168e+002	-2,21018e+000
286	 1,4250000000e+002	-1,26234e+002	-2,41310e+000
287	 1,4300000000e+002	-1,30725e+002	-2,98833e+000
288	 1,4350000000e+002	-1,35486e+002	-3,70281e+000
289	 1,4400000000e+002	-1,40326e+002	-4,33861e+000
290	 1,4450000000e+002	-1,45478e+002	-5,54082e+000
291	 1,4500000000e+002	-1,51237e+002	-6,71972e+000
292	 1,4550000000e+002	-1,57310e+002	-7,97289e+000
293	 1,4600000000e+002	-1,64154e+002	-9,26455e+000
294	 1,4650000000e+002	-1,71432e+002	-1,03342e+001
295	 1,4700000000e+002	-1,78712e+002	-1,12829e+001
296	 1,4750000000e+002	-1,86381e+002	-1,26362e+001
297	 1,4800000000e+002	-1,94815e+002	-1,40778e+001
298	 1,4850000000e+002	-2,03905e+002	-1,55918e+001
299	 1,4900000000e+002	-2,13535e+002	-1,72667e+001
300	 1,4950000000e+002	-2,24523e+002	-1,89809e+001
301	 1,5000000000e+002	-2,36163e+002	-2,02170e+001
302	 1,5050000000e+002	-2,49209e+002	-2,14649e+001
303	 1,5100000000e+002	-2,63036e+002	-2,16050e+001
304	 1,5150000000e+002	-2,77302e+002	-2,05519e+001
305	 1,5200000000e+002	-2,91032e+002	-1,94002e+001
306	 1,5250000000e+002	-3,05128e+002	-1,88382e+001
307	 1,5300000000e+002	-3,20204e+002	-1,89190e+001
308	 1,5350000000e+002	-3,36738e+002	-1,90230e+001
309	 1,5400000000e+002	-3,54118e+002	-1,92102e+001
310	 1,5450000000e+002	-3,73180e+002	-1,98210e+001
311	 1,5500000000e+002	-3,94527e+002	-2,09303e+001
312	 1,5550000000e+002	-4,18406e+002	-2,09792e+001
313	 1,5600000000e+002	-4,43559e+002	-2,07061e+001
314	 1,5650000000e+002	-4,70009e+002	-2,10411e+001
315	 1,5700000000e+002	-5,00273e+002	-2,36883e+001
316	 1,5750000000e+002	-5,37461e+002	-2,57337e+001
317	 1,5800000000e+002	-5,79430e+002	-2,48596e+001
318	 1,5850000000e+002	-6,25892e+002	-2,24871e+001
319	 1,5900000000e+002	-6,78909e+002	-1,79495e+001
320	 1,5950000000e+002	-7,38267e+002	-9,24795e+000
321	 1,6000000000e+002	-8,02980e+002	 3,12474e+000
322	 1,6050000000e+002	-8,75777e+002	 1,84578e+001
323	 1,6100000000e+002	-9,57371e+002	 3,72378e+001
324	 1,6150000000e+002	-1,05154e+003	 5,69670e+001
325	 1,6200000000e+002	-1,16903e+003	 8,07036e+001
326	 1,6250000000e+002	-1,31548e+003	 1,17117e+002
327	 1,6300000000e+002	-1,49948e+003	 1,73906e+002
328	 1,6350000000e+002	-1,73161e+003	 2,61836e+002
329	 1,6400000000e+002	-2,04061e+003	 4,03175e+002
330	 1,6450000000e+002	-2,46348e+003	 6,64750e+002
331	 1,6500000000e+002	-3,02733e+003	 1,20316e+003
332	 1,6550000000e+002	-3,58080e+003	 2,35137e+003
333	 1,6600000000e+002	-3,33048e+003	 4,38686e+003
334	 1,6650000000e+002	-1,10178e+003	 6,05710e+003
335	 1,6700000000e+002	 1,53658e+003	 5,34197e+003
336	 1,6750000000e+002	 2,52076e+003	 3,65057e+003
337	 1,6800000000e+002	 2,52157e+003	 2,42943e+003
338	 1,6850000000e+002	 2,25789e+003	 1,69083e+003
339	 1,6900000000e+002	 1,96143e+003	 1,26450e+003
340	 1,6950000000e+002	 1,72354e+003	 1,02630e+003
341	 1,7000000000e+002	 1,55370e+003	 8,70020e+002
342	 1,7050000000e+002	 1,42365e+003	 7,50955e+002
343	 1,7100000000e+002	 1,31488e+003	 6,56773e+002
344	 1,7150000000e+002	 1,22125e+003	 5,84685e+002
345	 1,7200000000e+002	 1,14346e+003	 5,30134e+002
346	 1,7250000000e+002	 1,08267e+003	 4,85225e+002
347	 1,7300000000e+002	 1,02967e+003	 4,41095e+002
348	 1,7350000000e+002	 9,78078e+002	 4,04009e+002
349	 1,7400000000e+002	 9,33823e+002	 3,75518e+002
350	 1,7450000000e+002	 8,95915e+002	 3,48024e+002
351	 1,7500000000e+002	 8,58311e+002	 3,23280e+002
352	 1,7550000000e+002	 8,22659e+002	 3,06602e+002
353	 1,7600000000e+002	 7,95330e+002	 2,94754e+002
354	 1,7650000000e+002	 7,74892e+002	 2,81524e+002
355	 1,7700000000e+002	 7,56023e+002	 2,66192e+002
356	 1,7750000000e+002	 7,37394e+002	 2,51451e+002
357	 1,7800000000e+002	 7,20314e+002	 2,37848e+002
358	 1,7850000000e+002	 7,04891e+002	 2,24451e+002
359	 1,7900000000e+002	 6,89803e+002	 2,10467e+002
360	 1,7950000000e+002	 6,74460e+002	 1,97684e+002
361	 1,8000000000e+002	 6,59388e+002	 1,86816e+002
362	 1,8050000000e+002	 6,46360e+002	 1,77127e+002
363	 1,8100000000e+002	 6,35137e+002	 1,67495e+002
364	 1,8150000000e+002	 6,24921e+002	 1,57194e+002
365	 1,8200000000e+002	 6,14759e+002	 1,45177e+002
366	 1,8250000000e+002	 6,03128e+002	 1,32910e+002
367	 1,8300000000e+002	 5,89613e+002	 1,22016e+002
368	 1,8350000000e+002	 5,76116e+002	 1,13533e+002
369	 1,8400000000e+002	 5,63878e+002	 1,06672e+002
370	 1,8450000000e+002	 5,53153e+002	 9,99807e+001
371	 1,8500000000e+002	 5,42563e+002	 9,33705e+001
372	 1,8550000000e+002	 5,32506e+002	 8,68295e+001
373	 1,8600000000e+002	 5,21982e+002	 8,02185e+001
374	 1,8650000000e+002	 5,11233e+002	 7,48969e+001
375	 1,8700000000e+002	 5,01111e+002	 7,06941e+001
376	 1,8750000000e+002	 4,92407e+002	 6,63922e+001
377	 1,8800000000e+002	 4,84058e+002	 6,17081e+001
378	 1,8850000000e+002	 4,74721e+002	 5,67483e+001
379	 1,8900000000e+002	 4,65452e+002	 5,32138e+001
380	 1,8950000000e+002	 4,57002e+002	 5,00818e+001
381	 1,9000000000e+002	 4,48607e+002	 4,67520e+001
382	 1,9050000000e+002	 4,40042e+002	 4,39188e+001
383	 1,9100000000e+002	 4,31805e+002	 4,19555e+001
384	 1,9150000000e+002	 4,24277e+002	 4,02564e+001
385	 1,9200000000e+002	 4,16951e+002	 3,84340e+001
386	 1,9250000000e+002	 4,09865e+002	 3,67847e+001
387	 1,9300000000e+002	 4,02688e+002	 3,54837e+001
388	 1,9350000000e+002	 3,95870e+002	 3,46638e+001
389	 1,9400000000e+002	 3,89518e+002	 3,41666e+001
390	 1,9450000000e+002	 3,83731e+002	 3,35742e+001
391	 1,9500000000e+002	 3,77761e+002	 3,27966e+001
392	 1,9550000000e+002	 3,71716e+002	 3,25497e+001
393	 1,9600000000e+002	 3,66277e+002	 3,27276e+001
394	 1,9650000000e+002	 3,61250e+002	 3,31785e+001
395	 1,9700000000e+002	 3,56594e+002	 3,32602e+001
396	 1,9750000000e+002	 3,51964e+002	 3,36369e+001
397	 1,9800000000e+002	 3,47511e+002	 3,42727e+001
398	 1,9850000000e+002	 3,43811e+002	 3,48092e+001
399	 1,9900000000e+002	 3,40333e+002	 3,50579e+001
400	 1,9950000000e+002	 3,36601e+002	 3,53996e+001
401	 2,0000000000e+002	 3,33295e+002	 3,56254e+001
402	 2,0050000000e+002	 3,29744e+002	 3,59120e+001
403	 2,0100000000e+002	 3,26457e+002	 3,66044e+001
404	 2,0150000000e+002	 3,23256e+002	 3,75167e+001
405	 2,0200000000e+002	 3,20967e+002	 3,83225e+001
406	 2,0250000000e+002	 3,18562e+002	 3,86198e+001
407	 2,0300000000e+002	 3,16475e+002	 3,91256e+001
408	 2,0350000000e+002	 3,14288e+002	 3,92732e+001
409	 2,0400000000e+002	 3,11999e+002	 3,94846e+001
410	 2,0450000000e+002	 3,09868e+002	 3,96572e+001
411	 2,0500000000e+002	 3,07744e+002	 3,99785e+001
412	 2,0550000000e+002	 3,05819e+002	 4,02948e+001
413	 2,0600000000e+002	 3,03983e+002	 4,04147e+001
414	 2,0650000000e+002	 3,02055e+002	 4,08289e+001
415	 2,0700000000e+002	 3,00250e+002	 4,10212e+001
416	 2,0750000000e+002	 2,98435e+002	 4,15972e+001
417	 2,0800000000e+002	 2,96975e+002	 4,19937e+001
418	 2,0850000000e+002	 2,95642e+002	 4,24315e+001
419	 2,0900000000e+002	 2,94354e+002	 4,28515e+001
420	 2,0950000000e+002	 2,93329e+002	 4,30973e+001
421	 2,1000000000e+002	 2,92184e+002	 4,34156e+001
422	 2,1050000000e+002	 2,91217e+002	 4,35332e+001
423	 2,1100000000e+002	 2,90210e+002	 4,34494e+001
424	 2,1150000000e+002	 2,89103e+002	 4,39753e+001
425	 2,1200000000e+002	 2,88415e+002	 4,41839e+001
426	 2,1250000000e+002	 2,87917e+002	 4,42867e+001
427	 2,1300000000e+002	 2,87141e+002	 4,43617e+001
428	 2,1350000000e+002	 2,86950e+002	 4,43578e+001
429	 2,1400000000e+002	 2,86496e+002	 4,41254e+001
430	 2,1450000000e+002	 2,86068e+002	 4,38297e+001
431	 2,1500000000e+002	 2,85591e+002	 4,34816e+001
432	 2,1550000000e+002	 2,85374e+002	 4,31668e+001
433	 2,1600000000e+002	 2,84982e+002	 4,25815e+001
434	 2,1650000000e+002	 2,84467e+002	 4,17372e+001
435	 2,1700000000e+002	 2,83810e+002	 4,12822e+001
436	 2,1750000000e+002	 2,83594e+002	 4,08569e+001
437	 2,1800000000e+002	 2,83314e+002	 3,99466e+001
438	 2,1850000000e+002	 2,83033e+002	 3,92303e+001
439	 2,1900000000e+002	 2,82454e+002	 3,82957e+001
440	 2,1950000000e+002	 2,82241e+002	 3,71572e+001
441	 2,2000000000e+002	 2,81382e+002	 3,58849e+001
442	 2,2050000000e+002	 2,80664e+002	 3,48164e+001
443	 2,2100000000e+002	 2,79761e+002	 3,37006e+001
444	 2,2150000000e+002	 2,78957e+002	 3,26775e+001
445	 2,2200000000e+002	 2,77894e+002	 3,14894e+001
446	 2,2250000000e+002	 2,76774e+002	 3,05016e+001
447	 2,2300000000e+002	 2,75721e+002	 2,94054e+001
448	 2,2350000000e+002	 2,74437e+002	 2,83248e+001
449	 2,2400000000e+002	 2,73307e+002	 2,74185e+001
450	 2,2450000000e+002	 2,71951e+002	 2,63794e+001
451	 2,2500000000e+002	 2,70451e+002	 2,55139e+001
452	 2,2550000000e+002	 2,68922e+002	 2,46720e+001
453	 2,2600000000e+002	 2,67256e+002	 2,40187e+001
454	 2,2650000000e+002	 2,65410e+002	 2,35081e+001
455	 2,2700000000e+002	 2,63724e+002	 2,31229e+001
456	 2,2750000000e+002	 2,62253e+002	 2,30618e+001
457	 2,2800000000e+002	 2,60670e+002	 2,29177e+001
458	 2,2850000000e+002	 2,59102e+002	 2,27314e+001
459	 2,2900000000e+002	 2,57456e+002	 2,29687e+001
460	 2,2950000000e+002	 2,55896e+002	 2,32003e+001
461	 2,3000000000e+002	 2,54603e+002	 2,35783e+001
462	 2,3050000000e+002	 2,53235e+002	 2,37880e+001
463	 2,3100000000e+002	 2,51890e+002	 2,44845e+001
464	 2,3150000000e+002	 2,50748e+002	 2,51371e+001
465	 2,3200000000e+002	 2,49811e+002	 2,57798e+001
466	 2,3250000000e+002	 2,48886e+002	 2,67068e+001
467	 2,3300000000e+002	 2,48332e+002	 2,74855e+001
468	 2,3350000000e+002	 2,47748e+002	 2,83368e+001
469	 2,3400000000e+002	 2,47562e+002	 2,90912e+001
470	 2,3450000000e+002	 2,47220e+002	 2,96384e+001
471	 2,3500000000e+002	 2,46871e+002	 3,03883e+001
472	 2,3550000000e+002	 2,46851e+002	 3,12332e+001
473	 2,3600000000e+002	 2,47182e+002	 3,19845e+001
474	 2,3650000000e+002	 2,47218e+002	 3,25687e+001
475	 2,3700000000e+002	 2,47790e+002	 3,30731e+001
476	 2,3750000000e+002	 2,48063e+002	 3,33970e+001
477	 2,3800000000e+002	 2,48568e+002	 3,38874e+001
478	 2,3850000000e+002	 2,49354e+002	 3,42173e+001
479	 2,3900000000e+002	 2,50207e+002	 3,41936e+001
480	 2,3950000000e+002	 2,50849e+002	 3,42649e+001
481	 2,4000000000e+002	 2,51865e+002	 3,39322e+001
482	 2,4050000000e+002	 2,52908e+002	 3,36585e+001
483	 2,4100000000e+002	 2,53501e+002	 3,28995e+001
484	 2,4150000000e+002	 2,54260e+002	 3,24482e+001
485	 2,4200000000e+002	 2,55380e+002	 3,16114e+001
486	 2,4250000000e+002	 2,56212e+002	 3,04628e+001
487	 2,4300000000e+002	 2,56745e+002	 2,94624e+001
488	 2,4350000000e+002	 2,57638e+002	 2,84414e+001
489	 2,4400000000e+002	 2,58024e+002	 2,67321e+001
490	 2,4450000000e+002	 2,58443e+002	 2,54301e+001
491	 2,4500000000e+002	 2,58776e+002	 2,41388e+001
492	 2,4550000000e+002	 2,59327e+002	 2,24388e+001
493	 2,4600000000e+002	 2,59226e+002	 2,05378e+001
494	 2,4650000000e+002	 2,59247e+002	 1,89424e+001
495	 2,4700000000e+002	 2,59091e+002	 1,70584e+001
496	 2,4750000000e+002	 2,58825e+002	 1,51553e+001
497	 2,4800000000e+002	 2,58171e+002	 1,33580e+001
498	 2,4850000000e+002	 2,57628e+002	 1,15065e+001
499	 2,4900000000e+002	 2,56759e+002	 9,91182e+000
500	 2,4950000000e+002	 2,56079e+002	 8,22458e+000
501	 2,5000000000e+002	 2,55148e+002	 6,40121e+000
502	 2,5050000000e+002	 2,53898e+002	 4,74825e+000
503	 2,5100000000e+002	 2,52834e+002	 3,25424e+000
504	 2,5150000000e+002	 2,51364e+002	 1,62195e+000
505	 2,5200000000e+002	 2,49879e+002	 2,41847e-001
506	 2,5250000000e+002	 2,48364e+002	-1,03501e+000
507	 2,5300000000e+002	 2,46694e+002	-2,17046e+000
508	 2,5350000000e+002	 2,44915e+002	-3,15396e+000
509	 2,5400000000e+002	 2,43116e+002	-3,95928e+000
510	 2,5450000000e+002	 2,41497e+002	-4,76450e+000
511	 2,5500000000e+002	 2,39556e+002	-5,26847e+000
512	 2,5550000000e+002	 2,37942e+002	-5,65991e+000
513	 2,5600000000e+002	 2,36262e+002	-5,98376e+000
514	 2,5650000000e+002	 2,34590e+002	-6,29420e+000
515	 2,5700000000e+002	 2,32900e+002	-6,54580e+000
516	 2,5750000000e+002	 2,31305e+002	-6,44136e+000
517	 2,5800000000e+002	 2,29870e+002	-6,57564e+000
518	 2,5850000000e+002	 2,28336e+002	-6,40052e+000
519	 2,5900000000e+002	 2,26783e+002	-6,27901e+000
520	 2,5950000000e+002	 2,25452e+002	-5,92368e+000
521	 2,6000000000e+002	 2,24234e+002	-5,55914e+000
522	 2,6050000000e+002	 2,23035e+002	-5,16252e+000
523	 2,6100000000e+002	 2,21952e+002	-4,63883e+000
524	 2,6150000000e+002	 2,20998e+002	-4,23967e+000
525	 2,6200000000e+002	 2,20090e+002	-3,76672e+000
526	 2,6250000000e+002	 2,19241e+002	-3,29849e+000
527	 2,6300000000e+002	 2,18492e+002	-2,93250e+000
528	 2,6350000000e+002	 2,17806e+002	-2,47447e+000
529	 2,6400000000e+002	 2,17140e+002	-2,02385e+000
530	 2,6450000000e+002	 2,16649e+002	-1,63316e+000
531	 2,6500000000e+002	 2,16068e+002	-1,38361e+000
532	 2,6550000000e+002	 2,15580e+002	-8,38720e-001
533	 2,6600000000e+002	 2,15309e+002	-5,77048e-001
534	 2,6650000000e+002	 2,14881e+002	-3,01581e-001
535	 2,6700000000e+002	 2,14664e+002	-2,05602e-001
536	 2,6750000000e+002	 2,14153e+002	-3,56980e-002
537	 2,6800000000e+002	 2,13783e+002	 1,98706e-001
538	 2,6850000000e+002	 2,13536e+002	 1,48936e-001
539	 2,6900000000e+002	 2,13296e+002	 4,18661e-001
540	 2,6950000000e+002	 2,13148e+002	 2,19100e-001
541	 2,7000000000e+002	 2,12596e+002	 1,47702e-001
542	 2,7050000000e+002	 2,12227e+002	 2,47898e-001
543	 2,7100000000e+002	 2,11812e+002	 3,13933e-001
544	 2,7150000000e+002	 2,11408e+002	 3,87456e-001
545	 2,7200000000e+002	 2,11043e+002	 5,26409e-001
546	 2,7250000000e+002	 2,10750e+002	 4,78184e-001
547	 2,7300000000e+002	 2,10416e+002	 6,86345e-001
548	 2,7350000000e+002	 2,10184e+002	 8,61903e-001
549	 2,7400000000e+002	 2,10292e+002	 9,00355e-001
550	 2,7450000000e+002	 2,10112e+002	 6,47730e-001
551	 2,7500000000e+002	 2,10069e+002	 5,47305e-001
552	 2,7550000000e+002	 2,09909e+002	 2,10949e-001
553	 2,7600000000e+002	 2,09565e+002	 2,37875e-002
554	 2,7650000000e+002	 2,09276e+002	-3,74922e-001
555	 2,7700000000e+002	 2,08894e+002	-7,78536e-001
556	 2,7750000000e+002	 2,08527e+002	-9,57240e-001
557	 2,7800000000e+002	 2,08174e+002	-1,05077e+000
558	 2,7850000000e+002	 2,07849e+002	-1,26431e+000
559	 2,7900000000e+002	 2,07457e+002	-1,54970e+000
560	 2,7950000000e+002	 2,07097e+002	-1,76908e+000
561	 2,8000000000e+002	 2,06825e+002	-1,96673e+000
562	 2,8050000000e+002	 2,06494e+002	-2,17580e+000
563	 2,8100000000e+002	 2,06062e+002	-2,39811e+000
564	 2,8150000000e+002	 2,05903e+002	-2,84765e+000
565	 2,8200000000e+002	 2,05379e+002	-3,27030e+000
566	 2,8250000000e+002	 2,04863e+002	-3,54524e+000
567	 2,8300000000e+002	 2,04462e+002	-3,82361e+000
568	 2,8350000000e+002	 2,03938e+002	-4,28268e+000
569	 2,8400000000e+002	 2,03331e+002	-4,44200e+000
570	 2,8450000000e+002	 2,02900e+002	-4,75096e+000
571	 2,8500000000e+002	 2,02502e+002	-5,04890e+000
572	 2,8550000000e+002	 2,02000e+002	-5,47612e+000
573	 2,8600000000e+002	 2,01387e+002	-5,78693e+000
574	 2,8650000000e+002	 2,00838e+002	-6,03385e+000
575	 2,8700000000e+002	 2,00320e+002	-6,45934e+000
576	 2,8750000000e+002	 1,99556e+002	-6,90349e+000
577	 2,8800000000e+002	 1,98929e+002	-7,07845e+000
578	 2,8850000000e+002	 1,98159e+002	-7,43935e+000
579	 2,8900000000e+002	 1,97377e+002	-7,72270e+000
580	 2,8950000000e+002	 1,96671e+002	-7,86715e+000
581	 2,9000000000e+002	 1,96040e+002	-8,18100e+000
582	 2,9050000000e+002	 1,95133e+002	-8,52899e+000
583	 2,9100000000e+002	 1,94348e+002	-8,60708e+000
584	 2,9150000000e+002	 1,93535e+002	-8,94412e+000
585	 2,9200000000e+002	 1,92479e+002	-9,10828e+000
586	 2,9250000000e+002	 1,91643e+002	-9,06612e+000
587	 2,9300000000e+002	 1,90812e+002	-9,09100e+000
588	 2,9350000000e+002	 1,89754e+002	-9,34163e+000
589	 2,9400000000e+002	 1,88760e+002	-9,08557e+000
590	 2,9450000000e+002	 1,87833e+002	-8,85763e+000
591	 2,9500000000e+002	 1,86960e+002	-8,87915e+000
592	 2,9550000000e+002	 1,85945e+002	-8,68508e+000
593	 2,9600000000e+002	 1,84932e+002	-8,42779e+000
594	 2,9650000000e+002	 1,84018e+002	-7,94782e+000
595	 2,9700000000e+002	 1,83226e+002	-7,66614e+000
596	 2,9750000000e+002	 1,82229e+002	-7,17784e+000
597	 2,9800000000e+002	 1,81502e+002	-6,59133e+000
598	 2,9850000000e+002	 1,80682e+002	-6,23550e+000
599	 2,9900000000e+002	 1,79883e+002	-5,44861e+000
600	 2,9950000000e+002	 1,79246e+002	-4,73717e+000
601	 3,0000000000e+002	 1,78774e+002	-4,19051e+000
602	 3,0050000000e+002	 1,78054e+002	-3,66908e+000
603	 3,0100000000e+002	 1,77565e+002	-2,74627e+000
604	 3,0150000000e+002	 1,77211e+002	-1,81237e+000
605	 3,0200000000e+002	 1,77150e+002	-1,14820e+000
606	 3,0250000000e+002	 1,76875e+002	-5,33954e-001
607	 3,0300000000e+002	 1,76783e+002	 2,35888e-001
608	 3,0350000000e+002	 1,76689e+002	 9,03085e-001
609	 3,0400000000e+002	 1,76496e+002	 1,54108e+000
610	 3,0450000000e+002	 1,76729e+002	 2,28593e+000
611	 3,0500000000e+002	 1,76848e+002	 2,85836e+000
612	 3,0550000000e+002	 1,77038e+002	 3,30641e+000
613	 3,0600000000e+002	 1,77320e+002	 3,82582e+000
614	 3,0650000000e+002	 1,77478e+002	 4,21161e+000
615	 3,0700000000e+002	 1,77915e+002	 4,80947e+000
616	 3,0750000000e+002	 1,78317e+002	 5,03209e+000
617	 3,0800000000e+002	 1,78994e+002	 5,32584e+000
618	 3,0850000000e+002	 1,79417e+002	 5,44432e+000
619	 3,0900000000e+002	 1,80062e+002	 5,33428e+000
620	 3,0950000000e+002	 1,80546e+002	 5,28019e+000
621	 3,1000000000e+002	 1,81174e+002	 4,98384e+000
622	 3,1050000000e+002	 1,81578e+002	 4,60025e+000
623	 3,1100000000e+002	 1,82130e+002	 4,27706e+000
624	 3,1150000000e+002	 1,82372e+002	 3,69342e+000
625	 3,1200000000e+002	 1,82972e+002	 3,13435e+000
626	 3,1250000000e+002	 1,83121e+002	 2,39101e+000
627	 3,1300000000e+002	 1,83337e+002	 1,61075e+000
628	 3,1350000000e+002	 1,83512e+002	 8,44362e-001
629	 3,1400000000e+002	 1,83648e+002	-9,41972e-002
630	 3,1450000000e+002	 1,83432e+002	-9,98272e-001
631	 3,1500000000e+002	 1,83398e+002	-2,17242e+000
632	 3,1550000000e+002	 1,83119e+002	-3,26256e+000
633	 3,1600000000e+002	 1,82553e+002	-4,48033e+000
634	 3,1650000000e+002	 1,81895e+002	-5,55308e+000
635	 3,1700000000e+002	 1,81044e+002	-6,50271e+000
636	 3,1750000000e+002	 1,80014e+002	-7,36654e+000
637	 3,1800000000e+002	 1,78974e+002	-8,13570e+000
638	 3,1850000000e+002	 1,77793e+002	-8,65695e+000
639	 3,1900000000e+002	 1,76847e+002	-9,27786e+000
640	 3,1950000000e+002	 1,75584e+002	-9,66126e+000
641	 3,2000000000e+002	 1,74604e+002	-9,98921e+000
642	 3,2050000000e+002	 1,73415e+002	-1,03899e+001
643	 3,2100000000e+002	 1,72164e+002	-1,07341e+001
644	 3,2150000000e+002	 1,70706e+002	-1,08784e+001
645	 3,2200000000e+002	 1,69485e+002	-1,09276e+001
646	 3,2250000000e+002	 1,68116e+002	-1,09541e+001
647	 3,2300000000e+002	 1,66757e+002	-1,05442e+001
648	 3,2350000000e+002	 1,65367e+002	-1,01933e+001
649	 3,2400000000e+002	 1,64273e+002	-9,67395e+000
650	 3,2450000000e+002	 1,63192e+002	-8,83304e+000
651	 3,2500000000e+002	 1,62396e+002	-8,22807e+000
652	 3,2550000000e+002	 1,61533e+002	-7,44435e+000
653	 3,2600000000e+002	 1,60900e+002	-6,61373e+000
654	 3,2650000000e+002	 1,60313e+002	-5,61133e+000
655	 3,2700000000e+002	 1,60200e+002	-5,05170e+000
656	 3,2750000000e+002	 1,60127e+002	-4,36273e+000
657	 3,2800000000e+002	 1,60056e+002	-4,05186e+000
658	 3,2850000000e+002	 1,59909e+002	-3,79822e+000
659	 3,2900000000e+002	 1,59617e+002	-3,53140e+000
660	 3,2950000000e+002	 1,59300e+002	-3,22154e+000
661	 3,3000000000e+002	 1,59056e+002	-2,66325e+000
662	 3,3050000000e+002	 1,58920e+002	-2,58126e+000
663	 3,3100000000e+002	 1,58696e+002	-2,36249e+000
664	 3,3150000000e+002	 1,58684e+002	-1,67445e+000
665	 3,3200000000e+002	 1,58923e+002	-1,14455e+000
666	 3,3250000000e+002	 1,59450e+002	-1,18466e+000
667	 3,3300000000e+002	 1,60156e+002	-1,15870e+000
668	 3,3350000000e+002	 1,60745e+002	-2,05377e+000
669	 3,3400000000e+002	 1,60984e+002	-3,30034e+000
670	 3,3450000000e+002	 1,60468e+002	-4,60914e+000
671	 3,3500000000e+002	 1,59542e+002	-5,77147e+000
672	 3,3550000000e+002	 1,58086e+002	-6,34372e+000
673	 3,3600000000e+002	 1,57010e+002	-6,61911e+000
674	 3,3650000000e+002	 1,55694e+002	-6,64286e+000
675	 3,3700000000e+002	 1,54877e+002	-6,49829e+000
676	 3,3750000000e+002	 1,54084e+002	-6,52874e+000
677	 3,3800000000e+002	 1,53374e+002	-6,61395e+000
678	 3,3850000000e+002	 1,52383e+002	-6,63217e+000
679	 3,3900000000e+002	 1,51552e+002	-6,59906e+000
680	 3,3950000000e+002	 1,50591e+002	-6,55558e+000
681	 3,4000000000e+002	 1,49681e+002	-6,39782e+000
682	 3,4050000000e+002	 1,48852e+002	-6,16463e+000
683	 3,4100000000e+002	 1,48174e+002	-5,90770e+000
684	 3,4150000000e+002	 1,47388e+002	-5,98564e+000
685	 3,4200000000e+002	 1,46358e+002	-6,14808e+000
686	 3,4250000000e+002	 1,44933e+002	-5,86301e+000
687	 3,4300000000e+002	 1,43688e+002	-5,45233e+000
688	 3,4350000000e+002	 1,42605e+002	-4,57616e+000
689	 3,4400000000e+002	 1,41726e+002	-3,73073e+000
690	 3,4450000000e+002	 1,41077e+002	-2,76709e+000
691	 3,4500000000e+002	 1,40747e+002	-1,97556e+000
692	 3,4550000000e+002	 1,40184e+002	-1,30111e+000
693	 3,4600000000e+002	 1,39864e+002	-5,57252e-001
694	 3,4650000000e+002	 1,39639e+002	-5,77423e-002
695	 3,4700000000e+002	 1,39274e+002	 5,49442e-001
696	 3,4750000000e+002	 1,39127e+002	 1,19561e+000
697	 3,4800000000e+002	 1,38970e+002	 1,43547e+000
698	 3,4850000000e+002	 1,38581e+002	 1,88050e+000
699	 3,4900000000e+002	 1,38456e+002	 2,28653e+000
700	 3,4950000000e+002	 1,38275e+002	 2,62399e+000
701	 3,5000000000e+002	 1,38096e+002	 2,93182e+000
702	 3,5050000000e+002	 1,37821e+002	 3,15702e+000
703	 3,5100000000e+002	 1,37655e+002	 3,55914e+000
704	 3,5150000000e+002	 1,37391e+002	 3,81124e+000
705	 3,5200000000e+002	 1,37397e+002	 3,92754e+000
706	 3,5250000000e+002	 1,37016e+002	 4,09386e+000
707	 3,5300000000e+002	 1,36860e+002	 4,29628e+000
708	 3,5350000000e+002	 1,36536e+002	 4,37541e+000
709	 3,5400000000e+002	 1,36266e+002	 4,61561e+000
710	 3,5450000000e+002	 1,36084e+002	 4,76121e+000
711	 3,5500000000e+002	 1,35877e+002	 4,69465e+000
712	 3,5550000000e+002	 1,35607e+002	 4,77979e+000
713	 3,5600000000e+002	 1,35312e+002	 4,65078e+000
714	 3,5650000000e+002	 1,34926e+002	 4,70256e+000
715	 3,5700000000e+002	 1,34487e+002	 4,74053e+000
716	 3,5750000000e+002	 1,34201e+002	 4,83094e+000
717	 3,5800000000e+002	 1,33751e+002	 4,81710e+000
718	 3,5850000000e+002	 1,33327e+002	 4,85979e+000
719	 3,5900000000e+002	 1,33060e+002	 4,82846e+000
720	 3,5950000000e+002	 1,32511e+002	 4,81977e+000
721	 3,6000000000e+002	 1,31946e+002	 4,75967e+000
722	 3,6050000000e+002	 1,31437e+002	 4,86806e+000
723	 3,6100000000e+002	 1,30927e+002	 4,90551e+000
724	 3,6150000000e+002	 1,30385e+002	 4,88850e+000
725	 3,6200000000e+002	 1,29728e+002	 4,96496e+000
726	 3,6250000000e+002	 1,29205e+002	 5,05343e+000
727	 3,6300000000e+002	 1,28499e+002	 5,13573e+000
728	 3,6350000000e+002	 1,27887e+002	 5,32281e+000
729	 3,6400000000e+002	 1,27238e+002	 5,62495e+000
730	 3,6450000000e+002	 1,26735e+002	 5,79461e+000
731	 3,6500000000e+002	 1,26064e+002	 6,02626e+000
732	 3,6550000000e+002	 1,25560e+002	 6,43651e+000
733	 3,6600000000e+002	 1,25030e+002	 6,54405e+000
734	 3,6650000000e+002	 1,24579e+002	 6,94317e+000
735	 3,6700000000e+002	 1,24024e+002	 7,12488e+000
736	 3,6750000000e+002	 1,23475e+002	 7,42715e+000
737	 3,6800000000e+002	 1,22957e+002	 7,76504e+000
738	 3,6850000000e+002	 1,22435e+002	 8,11312e+000
739	 3,6900000000e+002	 1,21964e+002	 8,47033e+000
740	 3,6950000000e+002	 1,21634e+002	 9,01699e+000
741	 3,7000000000e+002	 1,21360e+002	 9,39866e+000
742	 3,7050000000e+002	 1,21221e+002	 9,74048e+000
743	 3,7100000000e+002	 1,21056e+002	 9,98950e+000
744	 3,7150000000e+002	 1,20859e+002	 1,01284e+001
745	 3,7200000000e+002	 1,20601e+002	 1,02251e+001
746	 3,7250000000e+002	 1,20343e+002	 1,03490e+001
747	 3,7300000000e+002	 1,20128e+002	 1,05310e+001
748	 3,7350000000e+002	 1,20080e+002	 1,05583e+001
749	 3,7400000000e+002	 1,19732e+002	 1,05843e+001
750	 3,7450000000e+002	 1,19597e+002	 1,07061e+001
751	 3,7500000000e+002	 1,19324e+002	 1,05664e+001
752	 3,7550000000e+002	 1,19086e+002	 1,04870e+001
753	 3,7600000000e+002	 1,18843e+002	 1,05011e+001
754	 3,7650000000e+002	 1,18538e+002	 1,02704e+001
755	 3,7700000000e+002	 1,18410e+002	 1,00999e+001
756	 3,7750000000e+002	 1,17992e+002	 9,72230e+000
757	 3,7800000000e+002	 1,17736e+002	 9,55703e+000
758	 3,7850000000e+002	 1,17239e+002	 9,14576e+000
759	 3,7900000000e+002	 1,16692e+002	 8,89632e+000
760	 3,7950000000e+002	 1,16239e+002	 8,57955e+000
761	 3,8000000000e+002	 1,15744e+002	 8,20889e+000
762	 3,8050000000e+002	 1,14996e+002	 7,78037e+000
763	 3,8100000000e+002	 1,14357e+002	 7,46538e+000
764	 3,8150000000e+002	 1,13752e+002	 7,10291e+000
765	 3,8200000000e+002	 1,12962e+002	 6,75842e+000
766	 3,8250000000e+002	 1,12023e+002	 6,42007e+000
767	 3,8300000000e+002	 1,11107e+002	 6,05027e+000
768	 3,8350000000e+002	 1,10213e+002	 5,99972e+000
769	 3,8400000000e+002	 1,09275e+002	 5,70334e+000
770	 3,8450000000e+002	 1,08391e+002	 5,56111e+000
771	 3,8500000000e+002	 1,07411e+002	 5,22458e+000
772	 3,8550000000e+002	 1,06523e+002	 5,16316e+000
773	 3,8600000000e+002	 1,05504e+002	 4,88270e+000
774	 3,8650000000e+002	 1,04406e+002	 4,81761e+000
775	 3,8700000000e+002	 1,03298e+002	 4,60456e+000
776	 3,8750000000e+002	 1,02251e+002	 4,60321e+000
777	 3,8800000000e+002	 1,01036e+002	 4,54776e+000
778	 3,8850000000e+002	 9,98543e+001	 4,42824e+000
779	 3,8900000000e+002	 9,86870e+001	 4,42792e+000
780	 3,8950000000e+002	 9,74316e+001	 4,55528e+000
781	 3,9000000000e+002	 9,61919e+001	 4,71327e+000
782	 3,9050000000e+002	 9,50761e+001	 4,88775e+000
783	 3,9100000000e+002	 9,38712e+001	 4,99155e+000
784	 3,9150000000e+002	 9,26614e+001	 5,31123e+000
785	 3,9200000000e+002	 9,15393e+001	 5,55396e+000
786	 3,9250000000e+002	 9,04547e+001	 5,81826e+000
787	 3,9300000000e+002	 8,92179e+001	 5,94560e+000
788	 3,9350000000e+002	 8,80486e+001	 6,21140e+000
789	 3,9400000000e+002	 8,67690e+001	 6,47415e+000
790	 3,9450000000e+002	 8,55881e+001	 6,81773e+000
791	 3,9500000000e+002	 8,42556e+001	 7,26217e+000
792	 3,9550000000e+002	 8,31059e+001	 7,82284e+000
793	 3,9600000000e+002	 8,19643e+001	 8,35545e+000
794	 3,9650000000e+002	 8,09438e+001	 8,85909e+000
795	 3,9700000000e+002	 7,97817e+001	 9,44681e+000
796	 3,9750000000e+002	 7,87599e+001	 9,89701e+000
797	 3,9800000000e+002	 7,77317e+001	 1,05017e+001
798	 3,9850000000e+002	 7,69111e+001	 1,10421e+001
799	 3,9900000000e+002	 7,58218e+001	 1,15169e+001
800	 3,9950000000e+002	 7,50372e+001	 1,21671e+001
801	 4,0000000000e+002	 7,41521e+001	 1,25536e+001
802	 4,0050000000e+002	 7,32542e+001	 1,30896e+001
803	 4,0100000000e+002	 7,24918e+001	 1,36031e+001
804	 4,0150000000e+002	 7,17408e+001	 1,39172e+001
805	 4,0200000000e+002	 7,09598e+001	 1,43590e+001
806	 4,0250000000e+002	 7,01730e+001	 1,47051e+001
807	 4,0300000000e+002	 6,93094e+001	 1,49611e+001
808	 4,0350000000e+002	 6,82530e+001	 1,52666e+001
809	 4,0400000000e+002	 6,74293e+001	 1,56672e+001
810	 4,0450000000e+002	 6,66981e+001	 1,57728e+001
811	 4,0500000000e+002	 6,57202e+001	 1,61623e+001
812	 4,0550000000e+002	 6,47753e+001	 1,66635e+001
813	 4,0600000000e+002	 6,39888e+001	 1,68942e+001
814	 4,0650000000e+002	 6,31567e+001	 1,70501e+001
815	 4,0700000000e+002	 6,24471e+001	 1,72863e+001
816	 4,0750000000e+002	 6,15938e+001	 1,72840e+001
817	 4,0800000000e+002	 6,06517e+001	 1,73601e+001
818	 4,0850000000e+002	 5,95680e+001	 1,72961e+001
819	 4,0900000000e+002	 5,85220e+001	 1,72992e+001
820	 4,0950000000e+002	 5,74544e+001	 1,72920e+001
821	 4,1000000000e+002	 5,60806e+001	 1,73385e+001
822	 4,1050000000e+002	 5,46841e+001	 1,75053e+001
823	 4,1100000000e+002	 5,35249e+001	 1,78605e+001
824	 4,1150000000e+002	 5,21281e+001	 1,79774e+001
825	 4,1200000000e+002	 5,07529e+001	 1,82531e+001
826	 4,1250000000e+002	 4,97906e+001	 1,86685e+001
827	 4,1300000000e+002	 4,86821e+001	 1,87910e+001
828	 4,1350000000e+002	 4,74214e+001	 1,87971e+001
829	 4,1400000000e+002	 4,60717e+001	 1,89526e+001
830	 4,1450000000e+002	 4,47714e+001	 1,90408e+001
831	 4,1500000000e+002	 4,34163e+001	 1,93351e+001
832	 4,1550000000e+002	 4,20153e+001	 1,95451e+001
833	 4,1600000000e+002	 4,04995e+001	 1,98133e+001
834	 4,1650000000e+002	 3,91445e+001	 2,02454e+001
835	 4,1700000000e+002	 3,80110e+001	 2,03887e+001
836	 4,1750000000e+002	 3,66421e+001	 2,04533e+001
837	 4,1800000000e+002	 3,51723e+001	 2,07109e+001
838	 4,1850000000e+002	 3,38690e+001	 2,10295e+001
839	 4,1900000000e+002	 3,24506e+001	 2,11078e+001
840	 4,1950000000e+002	 3,10208e+001	 2,12915e+001
841	 4,2000000000e+002	 2,97232e+001	 2,13522e+001
842	 4,2050000000e+002	 2,80630e+001	 2,13014e+001
843	 4,2100000000e+002	 2,65384e+001	 2,17098e+001
844	 4,2150000000e+002	 2,50069e+001	 2,17137e+001
845	 4,2200000000e+002	 2,34690e+001	 2,17774e+001
846	 4,2250000000e+002	 2,19515e+001	 2,19196e+001
847	 4,2300000000e+002	 2,04620e+001	 2,17505e+001
848	 4,2350000000e+002	 1,86545e+001	 2,15304e+001
849	 4,2400000000e+002	 1,67860e+001	 2,14181e+001
850	 4,2450000000e+002	 1,49470e+001	 2,12426e+001
851	 4,2500000000e+002	 1,26935e+001	 2,11296e+001
852	 4,2550000000e+002	 1,05807e+001	 2,12866e+001
853	 4,2600000000e+002	 8,43593e+000	 2,14733e+001
854	 4,2650000000e+002	 6,21816e+000	 2,15796e+001
855	 4,2700000000e+002	 4,22826e+000	 2,18222e+001
856	 4,2750000000e+002	 2,15069e+000	 2,19267e+001
857	 4,2800000000e+002	-1,11753e-001	 2,21086e+001
858	 4,2850000000e+002	-2,16995e+000	 2,22044e+001
859	 4,2900000000e+002	-4,23604e+000	 2,20783e+001
860	 4,2950000000e+002	-6,77360e+000	 2,20820e+001
861	 4,3000000000e+002	-9,10717e+000	 2,21326e+001
862	 4,3050000000e+002	-1,18140e+001	 2,19467e+001
863	 4,3100000000e+002	-1,47128e+001	 2,22661e+001
864	 4,3150000000e+002	-1,72643e+001	 2,26128e+001
865	 4,3200000000e+002	-1,99915e+001	 2,27138e+001
866	 4,3250000000e+002	-2,28153e+001	 2,33368e+001
867	 4,3300000000e+002	-2,52791e+001	 2,36038e+001
868	 4,3350000000e+002	-2,79908e+001	 2,38488e+001
869	 4,3400000000e+002	-3,07323e+001	 2,41331e+001
870	 4,3450000000e+002	-3,34560e+001	 2,43874e+001
871	 4,3500000000e+002	-3,63238e+001	 2,45087e+001
872	 4,3550000000e+002	-3,91746e+001	 2,47178e+001
873	 4,3600000000e+002	-4,19843e+001	 2,47788e+001
874	 4,3650000000e+002	-4,52800e+001	 2,46192e+001
875	 4,3700000000e+002	-4,82882e+001	 2,45975e+001
876	 4,3750000000e+002	-5,16942e+001	 2,45865e+001
877	 4,3800000000e+002	-5,54177e+001	 2,43901e+001
878	 4,3850000000e+002	-5,92639e+001	 2,45258e+001
879	 4,3900000000e+002	-6,29071e+001	 2,44694e+001
880	 4,3950000000e+002	-6,72148e+001	 2,45755e+001
881	 4,4000000000e+002	-7,14619e+001	 2,48390e+001
882	 4,4050000000e+002	-7,58835e+001	 2,49244e+001
883	 4,4100000000e+002	-8,07937e+001	 2,57526e+001
884	 4,4150000000e+002	-8,51763e+001	 2,69470e+001
885	 4,4200000000e+002	-8,89563e+001	 2,77339e+001
886	 4,4250000000e+002	-9,32451e+001	 2,82199e+001
887	 4,4300000000e+002	-9,74375e+001	 2,89031e+001
888	 4,4350000000e+002	-1,01876e+002	 2,90465e+001
889	 4,4400000000e+002	-1,06611e+002	 2,93924e+001
890	 4,4450000000e+002	-1,11539e+002	 2,97301e+001
891	 4,4500000000e+002	-1,16886e+002	 2,96695e+001
892	 4,4550000000e+002	-1,22991e+002	 3,01030e+001
893	 4,4600000000e+002	-1,28850e+002	 3,09336e+001
894	 4,4650000000e+002	-1,35244e+002	 3,18178e+001
895	 4,4700000000e+002	-1,41962e+002	 3,33194e+001
896	 4,4750000000e+002	-1,47891e+002	 3,54136e+001
897	 4,4800000000e+002	-1,53746e+002	 3,74824e+001
898	 4,4850000000e+002	-1,59368e+002	 3,99812e+001
899	 4,4900000000e+002	-1,64216e+002	 4,19039e+001
900	 4,4950000000e+002	-1,69209e+002	 4,30501e+001
901	 4,5000000000e+002	-1,74413e+002	 4,42524e+001
902	 4,5050000000e+002	-1,79354e+002	 4,47738e+001
903	 4,5100000000e+002	-1,84956e+002	 4,42953e+001
904	 4,5150000000e+002	-1,91110e+002	 4,34395e+001
905	 4,5200000000e+002	-1,98128e+002	 4,23522e+001
906	 4,5250000000e+002	-2,06201e+002	 4,10517e+001
907	 4,5300000000e+002	-2,15150e+002	 3,96757e+001
908	 4,5350000000e+002	-2,25181e+002	 3,82748e+001
909	 4,5400000000e+002	-2,36472e+002	 3,76562e+001
910	 4,5450000000e+002	-2,48593e+002	 3,83943e+001
911	 4,5500000000e+002	-2,60447e+002	 3,94720e+001
912	 4,5550000000e+002	-2,72751e+002	 4,09711e+001
913	 4,5600000000e+002	-2,84722e+002	 4,32002e+001
914	 4,5650000000e+002	-2,96525e+002	 4,51959e+001
915	 4,5700000000e+002	-3,08533e+002	 4,67622e+001
916	 4,5750000000e+002	-3,20241e+002	 4,73376e+001
917	 4,5800000000e+002	-3,33244e+002	 4,60732e+001
918	 4,5850000000e+002	-3,48912e+002	 4,38951e+001
919	 4,5900000000e+002	-3,66882e+002	 4,17855e+001
920	 4,5950000000e+002	-3,87912e+002	 3,93909e+001
921	 4,6000000000e+002	-4,12970e+002	 3,79582e+001
922	 4,6050000000e+002	-4,41474e+002	 3,99514e+001
923	 4,6100000000e+002	-4,71718e+002	 4,52960e+001
924	 4,6150000000e+002	-5,03685e+002	 5,47116e+001
925	 4,6200000000e+002	-5,35424e+002	 6,78449e+001
926	 4,6250000000e+002	-5,66111e+002	 8,42939e+001
927	 4,6300000000e+002	-5,95604e+002	 1,03261e+002
928	 4,6350000000e+002	-6,23000e+002	 1,24079e+002
929	 4,6400000000e+002	-6,48437e+002	 1,44652e+002
930	 4,6450000000e+002	-6,72975e+002	 1,63767e+002
931	 4,6500000000e+002	-6,98119e+002	 1,80856e+002
932	 4,6550000000e+002	-7,26299e+002	 1,95437e+002
933	 4,6600000000e+002	-7,59222e+002	 2,08126e+002
934	 4,6650000000e+002	-7,99340e+002	 2,19546e+002
935	 4,6700000000e+002	-8,49548e+002	 2,33613e+002
936	 4,6750000000e+002	-9,11039e+002	 2,53343e+002
937	 4,6800000000e+002	-9,83113e+002	 2,82535e+002
938	 4,6850000000e+002	-1,06557e+003	 3,26115e+002
939	 4,6900000000e+002	-1,15480e+003	 3,89445e+002
940	 4,6950000000e+002	-1,24778e+003	 4,74912e+002
941	 4,7000000000e+002	-1,33872e+003	 5,87185e+002
942	 4,7050000000e+002	-1,41936e+003	 7,28443e+002
943	 4,7100000000e+002	-1,48153e+003	 8,96792e+002
944	 4,7150000000e+002	-1,51882e+003	 1,08942e+003
945	 4,7200000000e+002	-1,52319e+003	 1,30233e+003
946	 4,7250000000e+002	-1,48628e+003	 1,52863e+003
947	 4,7300000000e+002	-1,40333e+003	 1,75583e+003
948	 4,7350000000e+002	-1,27424e+003	 1,97194e+003
949	 4,7400000000e+002	-1,10200e+003	 2,16538e+003
950	 4,7450000000e+002	-8,91748e+002	 2,32333e+003
951	 4,7500000000e+002	-6,57320e+002	 2,43650e+003
952	 4,7550000000e+002	-4,12694e+002	 2,50275e+003
953	 4,7600000000e+002	-1,68840e+002	 2,52397e+003
954	 4,7650000000e+002	 6,23785e+001	 2,50489e+003
955	 4,7700000000e+002	 2,74745e+002	 2,45363e+003
956	 4,7750000000e+002	 4,65054e+002	 2,37775e+003
957	 4,7800000000e+002	 6,30931e+002	 2,28509e+003
958	 4,7850000000e+002	 7,75071e+002	 2,18196e+003
959	 4,7900000000e+002	 8,99752e+002	 2,07109e+003
960	 4,7950000000e+002	 1,00628e+003	 1,95507e+003
961	 4,8000000000e+002	 1,09598e+003	 1,83584e+003
962	 4,8050000000e+002	 1,16881e+003	 1,71468e+003
963	 4,8100000000e+002	 1,22693e+003	 1,59368e+003
964	 4,8150000000e+002	 1,27129e+003	 1,47191e+003
965	 4,8200000000e+002	 1,29993e+003	 1,35176e+003
966	 4,8250000000e+002	 1,31315e+003	 1,23651e+003
967	 4,8300000000e+002	 1,31379e+003	 1,12739e+003
968	 4,8350000000e+002	 1,30276e+003	 1,02586e+003
969	 4,8400000000e+002	 1,28108e+003	 9,34443e+002
970	 4,8450000000e+002	 1,25252e+003	 8,54173e+002
971	 4,8500000000e+002	 1,21916e+003	 7,84324e+002
972	 4,8550000000e+002	 1,18389e+003	 7,25000e+002
973	 4,8600000000e+002	 1,14805e+003	 6,74901e+002
974	 4,8650000000e+002	 1,11244e+003	 6,32956e+002
975	 4,8700000000e+002	 1,07788e+003	 5,98285e+002
976	 4,8750000000e+002	 1,04560e+003	 5,70594e+002
977	 4,8800000000e+002	 1,01677e+003	 5,48725e+002
978	 4,8850000000e+002	 9,91610e+002	 5,30862e+002
979	 4,8900000000e+002	 9,69298e+002	 5,16525e+002
980	 4,8950000000e+002	 9,51945e+002	 5,05238e+002
981	 4,9000000000e+002	 9,39024e+002	 4,94472e+002
982	 4,9050000000e+002	 9,28934e+002	 4,83071e+002
983	 4,9100000000e+002	 9,20766e+002	 4,71464e+002
984	 4,9150000000e+002	 9,15148e+002	 4,59188e+002
985	 4,9200000000e+002	 9,10495e+002	 4,45657e+002
986	 4,9250000000e+002	 9,06792e+002	 4,31358e+002
987	 4,9300000000e+002	 9,03828e+002	 4,15737e+002
988	 4,9350000000e+002	 9,00647e+002	 3,98276e+002
989	 4,9400000000e+002	 8,96648e+002	 3,79716e+002
990	 4,9450000000e+002	 8,91399e+002	 3,60782e+002
991	 4,9500000000e+002	 8,85180e+002	 3,41452e+002
992	 4,9550000000e+002	 8,77518e+002	 3,21868e+002
993	 4,9600000000e+002	 8,68166e+002	 3,02492e+002
994	 4,9650000000e+002	 8,57251e+002	 2,83990e+002
995	 4,9700000000e+002	 8,45238e+002	 2,66331e+002
996	 4,9750000000e+002	 8,31019e+002	 2,50187e+002
997	 4,9800000000e+002	 8,16159e+002	 2,36091e+002
998	 4,9850000000e+002	 8,00900e+002	 2,24146e+002
999	 4,9900000000e+002	 7,85777e+002	 2,14323e+002
1000	 4,9950000000e+002	 7,70981e+002	 2,06317e+002
1001	 5,0000000000e+002	 7,57016e+002	 1,99827e+002
1002	 5,0050000000e+002	 7,43905e+002	 1,94825e+002
1003	 5,0100000000e+002	 7,31721e+002	 1,91305e+002
1004	 5,0150000000e+002	 7,20966e+002	 1,88943e+002
1005	 5,0200000000e+002	 7,11645e+002	 1,87254e+002
1006	 5,0250000000e+002	 7,04102e+002	 1,85765e+002
1007	 5,0300000000e+002	 6,98188e+002	 1,84205e+002
1008	 5,0350000000e+002	 6,93115e+002	 1,81936e+002
1009	 5,0400000000e+002	 6,88812e+002	 1,78808e+002
1010	 5,0450000000e+002	 6,85116e+002	 1,75382e+002
1011	 5,0500000000e+002	 6,81856e+002	 1,70954e+002
1012	 5,0550000000e+002	 6,78119e+002	 1,65999e+002
1013	 5,0600000000e+002	 6,74592e+002	 1,60600e+002
1014	 5,0650000000e+002	 6,70765e+002	 1,54764e+002
1015	 5,0700000000e+002	 6,66443e+002	 1,48547e+002
1016	 5,0750000000e+002	 6,61713e+002	 1,42600e+002
1017	 5,0800000000e+002	 6,56924e+002	 1,36171e+002
1018	 5,0850000000e+002	 6,51334e+002	 1,29870e+002
1019	 5,0900000000e+002	 6,45392e+002	 1,23939e+002
1020	 5,0950000000e+002	 6,39063e+002	 1,18139e+002
1021	 5,1000000000e+002	 6,32289e+002	 1,13042e+002
1022	 5,1050000000e+002	 6,25009e+002	 1,08149e+002
1023	 5,1100000000e+002	 6,17813e+002	 1,04231e+002
1024	 5,1150000000e+002	 6,10516e+002	 1,01172e+002
1025	 5,1200000000e+002	 6,03549e+002	 9,86838e+001
1026	 5,1250000000e+002	 5,97005e+002	 9,67998e+001
1027	 5,1300000000e+002	 5,90952e+002	 9,54189e+001
1028	 5,1350000000e+002	 5,85518e+002	 9,41317e+001
1029	 5,1400000000e+002	 5,80305e+002	 9,31079e+001
1030	 5,1450000000e+002	 5,75780e+002	 9,23529e+001
1031	 5,1500000000e+002	 5,71862e+002	 9,13412e+001
1032	 5,1550000000e+002	 5,68318e+002	 9,01822e+001
1033	 5,1600000000e+002	 5,64782e+002	 8,88139e+001
1034	 5,1650000000e+002	 5,61601e+002	 8,72994e+001
1035	 5,1700000000e+002	 5,58585e+002	 8,56303e+001
1036	 5,1750000000e+002	 5,55523e+002	 8,39336e+001
1037	 5,1800000000e+002	 5,52780e+002	 8,20522e+001
1038	 5,1850000000e+002	 5,50168e+002	 7,97167e+001
1039	 5,1900000000e+002	 5,47178e+002	 7,72116e+001
1040	 5,1950000000e+002	 5,44263e+002	 7,48760e+001
1041	 5,2000000000e+002	 5,41134e+002	 7,20441e+001
1042	 5,2050000000e+002	 5,37653e+002	 6,92117e+001
1043	 5,2100000000e+002	 5,33910e+002	 6,68099e+001
1044	 5,2150000000e+002	 5,30343e+002	 6,45713e+001
1045	 5,2200000000e+002	 5,26683e+002	 6,22004e+001
1046	 5,2250000000e+002	 5,22705e+002	 5,98226e+001
1047	 5,2300000000e+002	 5,18642e+002	 5,80547e+001
1048	 5,2350000000e+002	 5,14730e+002	 5,62282e+001
1049	 5,2400000000e+002	 5,10739e+002	 5,44984e+001
1050	 5,2450000000e+002	 5,06589e+002	 5,29850e+001
1051	 5,2500000000e+002	 5,02484e+002	 5,18661e+001
1052	 5,2550000000e+002	 4,98462e+002	 5,08715e+001
1053	 5,2600000000e+002	 4,94618e+002	 5,01736e+001
1054	 5,2650000000e+002	 4,90810e+002	 4,96774e+001
1055	 5,2700000000e+002	 4,87316e+002	 4,93766e+001
1056	 5,2750000000e+002	 4,84038e+002	 4,88928e+001
1057	 5,2800000000e+002	 4,80749e+002	 4,88329e+001
1058	 5,2850000000e+002	 4,77760e+002	 4,86598e+001
1059	 5,2900000000e+002	 4,74790e+002	 4,84771e+001
1060	 5,2950000000e+002	 4,71824e+002	 4,84434e+001
1061	 5,3000000000e+002	 4,69370e+002	 4,86669e+001
1062	 5,3050000000e+002	 4,66983e+002	 4,86579e+001
1063	 5,3100000000e+002	 4,64383e+002	 4,85261e+001
1064	 5,3150000000e+002	 4,62144e+002	 4,87445e+001
1065	 5,3200000000e+002	 4,60172e+002	 4,87573e+001
1066	 5,3250000000e+002	 4,58178e+002	 4,89898e+001
1067	 5,3300000000e+002	 4,56482e+002	 4,88501e+001
1068	 5,3350000000e+002	 4,54728e+002	 4,87559e+001
1069	 5,3400000000e+002	 4,53057e+002	 4,86739e+001
1070	 5,3450000000e+002	 4,51708e+002	 4,86026e+001
1071	 5,3500000000e+002	 4,50212e+002	 4,82364e+001
1072	 5,3550000000e+002	 4,48844e+002	 4,79599e+001
1073	 5,3600000000e+002	 4,47614e+002	 4,73859e+001
1074	 5,3650000000e+002	 4,46108e+002	 4,69437e+001
1075	 5,3700000000e+002	 4,44723e+002	 4,63938e+001
1076	 5,3750000000e+002	 4,43548e+002	 4,58585e+001
1077	 5,3800000000e+002	 4,42235e+002	 4,50284e+001
1078	 5,3850000000e+002	 4,40835e+002	 4,44950e+001
1079	 5,3900000000e+002	 4,39646e+002	 4,37797e+001
1080	 5,3950000000e+002	 4,38346e+002	 4,28303e+001
1081	 5,4000000000e+002	 4,36974e+002	 4,19008e+001
1082	 5,4050000000e+002	 4,35528e+002	 4,09657e+001
1083	 5,4100000000e+002	 4,33864e+002	 3,97959e+001
1084	 5,4150000000e+002	 4,32057e+002	 3,89222e+001
1085	 5,4200000000e+002	 4,30437e+002	 3,80650e+001
1086	 5,4250000000e+002	 4,28585e+002	 3,71554e+001
1087	 5,4300000000e+002	 4,26740e+002	 3,64669e+001
1088	 5,4350000000e+002	 4,24678e+002	 3,58483e+001
1089	 5,4400000000e+002	 4,22821e+002	 3,53230e+001
1090	 5,4450000000e+002	 4,20857e+002	 3,49734e+001
1091	 5,4500000000e+002	 4,19015e+002	 3,45790e+001
1092	 5,4550000000e+002	 4,16959e+002	 3,45245e+001
1093	 5,4600000000e+002	 4,15281e+002	 3,44752e+001
1094	 5,4650000000e+002	 4,13734e+002	 3,43635e+001
1095	 5,4700000000e+002	 4,12010e+002	 3,43557e+001
1096	 5,4750000000e+002	 4,10461e+002	 3,45179e+001
1097	 5,4800000000e+002	 4,09101e+002	 3,45113e+001
1098	 5,4850000000e+002	 4,07822e+002	 3,46276e+001
1099	 5,4900000000e+002	 4,06711e+002	 3,47049e+001
1100	 5,4950000000e+002	 4,05458e+002	 3,45239e+001
1101	 5,5000000000e+002	 4,04101e+002	 3,45850e+001
1102	 5,5050000000e+002	 4,02951e+002	 3,47312e+001
1103	 5,5100000000e+002	 4,01851e+002	 3,46792e+001
1104	 5,5150000000e+002	 4,00583e+002	 3,48689e+001
1105	 5,5200000000e+002	 3,99627e+002	 3,50537e+001
1106	 5,5250000000e+002	 3,98758e+002	 3,51923e+001
1107	 5,5300000000e+002	 3,97801e+002	 3,53385e+001
1108	 5,5350000000e+002	 3,97033e+002	 3,55191e+001
1109	 5,5400000000e+002	 3,96219e+002	 3,56553e+001
1110	 5,5450000000e+002	 3,95428e+002	 3,57912e+001
1111	 5,5500000000e+002	 3,94782e+002	 3,60873e+001
1112	 5,5550000000e+002	 3,94252e+002	 3,61958e+001
1113	 5,5600000000e+002	 3,93774e+002	 3,65348e+001
1114	 5,5650000000e+002	 3,93494e+002	 3,66271e+001
1115	 5,5700000000e+002	 3,93312e+002	 3,67907e+001
1116	 5,5750000000e+002	 3,93225e+002	 3,67048e+001
1117	 5,5800000000e+002	 3,93105e+002	 3,67665e+001
1118	 5,5850000000e+002	 3,93174e+002	 3,65642e+001
1119	 5,5900000000e+002	 3,93194e+002	 3,63323e+001
1120	 5,5950000000e+002	 3,93504e+002	 3,59693e+001
1121	 5,6000000000e+002	 3,93672e+002	 3,54489e+001
1122	 5,6050000000e+002	 3,93748e+002	 3,48526e+001
1123	 5,6100000000e+002	 3,93921e+002	 3,41295e+001
1124	 5,6150000000e+002	 3,94015e+002	 3,32677e+001
1125	 5,6200000000e+002	 3,94138e+002	 3,24345e+001
1126	 5,6250000000e+002	 3,94345e+002	 3,14249e+001
1127	 5,6300000000e+002	 3,94249e+002	 3,03337e+001
1128	 5,6350000000e+002	 3,94292e+002	 2,91124e+001
1129	 5,6400000000e+002	 3,94288e+002	 2,79145e+001
1130	 5,6450000000e+002	 3,94259e+002	 2,65635e+001
1131	 5,6500000000e+002	 3,94170e+002	 2,51513e+001
1132	 5,6550000000e+002	 3,93976e+002	 2,34998e+001
1133	 5,6600000000e+002	 3,93540e+002	 2,19542e+001
1134	 5,6650000000e+002	 3,93296e+002	 2,02960e+001
1135	 5,6700000000e+002	 3,92766e+002	 1,84874e+001
1136	 5,6750000000e+002	 3,92164e+002	 1,66537e+001
1137	 5,6800000000e+002	 3,91546e+002	 1,48688e+001
1138	 5,6850000000e+002	 3,90621e+002	 1,29145e+001
1139	 5,6900000000e+002	 3,89674e+002	 1,10070e+001
1140	 5,6950000000e+002	 3,88410e+002	 9,15849e+000
1141	 5,7000000000e+002	 3,87110e+002	 7,17941e+000
1142	 5,7050000000e+002	 3,85589e+002	 5,43742e+000
1143	 5,7100000000e+002	 3,84064e+002	 3,89048e+000
1144	 5,7150000000e+002	 3,82480e+002	 2,16144e+000
1145	 5,7200000000e+002	 3,80720e+002	 6,61565e-001
1146	 5,7250000000e+002	 3,79022e+002	-9,40710e-001
1147	 5,7300000000e+002	 3,77120e+002	-2,39071e+000
1148	 5,7350000000e+002	 3,75169e+002	-3,72661e+000
1149	 5,7400000000e+002	 3,73179e+002	-5,09584e+000
1150	 5,7450000000e+002	 3,70958e+002	-6,43043e+000
1151	 5,7500000000e+002	 3,68611e+002	-7,49868e+000
1152	 5,7550000000e+002	 3,66314e+002	-8,43891e+000
1153	 5,7600000000e+002	 3,63878e+002	-9,24700e+000
1154	 5,7650000000e+002	 3,61481e+002	-9,99594e+000
1155	 5,7700000000e+002	 3,58986e+002	-1,05850e+001
1156	 5,7750000000e+002	 3,56451e+002	-1,08156e+001
1157	 5,7800000000e+002	 3,54141e+002	-1,11302e+001
1158	 5,7850000000e+002	 3,51755e+002	-1,11629e+001
1159	 5,7900000000e+002	 3,49330e+002	-1,11939e+001
1160	 5,7950000000e+002	 3,47110e+002	-1,09976e+001
1161	 5,8000000000e+002	 3,44894e+002	-1,09099e+001
1162	 5,8050000000e+002	 3,42713e+002	-1,04659e+001
1163	 5,8100000000e+002	 3,40648e+002	-1,00414e+001
1164	 5,8150000000e+002	 3,38512e+002	-9,59021e+000
1165	 5,8200000000e+002	 3,36509e+002	-8,86558e+000
1166	 5,8250000000e+002	 3,34610e+002	-8,21624e+000
1167	 5,8300000000e+002	 3,32818e+002	-7,46615e+000
1168	 5,8350000000e+002	 3,31134e+002	-6,59326e+000
1169	 5,8400000000e+002	 3,29367e+002	-5,72625e+000
1170	 5,8450000000e+002	 3,27892e+002	-4,67295e+000
1171	 5,8500000000e+002	 3,26421e+002	-3,58748e+000
1172	 5,8550000000e+002	 3,25091e+002	-2,49388e+000
1173	 5,8600000000e+002	 3,23855e+002	-1,47030e+000
1174	 5,8650000000e+002	 3,22699e+002	-2,65557e-001
1175	 5,8700000000e+002	 3,21865e+002	 9,50757e-001
1176	 5,8750000000e+002	 3,20981e+002	 2,12852e+000
1177	 5,8800000000e+002	 3,20453e+002	 3,21750e+000
1178	 5,8850000000e+002	 3,19829e+002	 4,35508e+000
1179	 5,8900000000e+002	 3,19477e+002	 5,40889e+000
1180	 5,8950000000e+002	 3,19163e+002	 6,46505e+000
1181	 5,9000000000e+002	 3,18908e+002	 7,25577e+000
1182	 5,9050000000e+002	 3,18779e+002	 8,01288e+000
1183	 5,9100000000e+002	 3,18702e+002	 8,73219e+000
1184	 5,9150000000e+002	 3,18713e+002	 9,42566e+000
1185	 5,9200000000e+002	 3,18682e+002	 9,80143e+000
1186	 5,9250000000e+002	 3,18685e+002	 1,03339e+001
1187	 5,9300000000e+002	 3,18825e+002	 1,07110e+001
1188	 5,9350000000e+002	 3,18772e+002	 1,10965e+001
1189	 5,9400000000e+002	 3,19009e+002	 1,12272e+001
1190	 5,9450000000e+002	 3,19134e+002	 1,15002e+001
1191	 5,9500000000e+002	 3,19402e+002	 1,14942e+001
1192	 5,9550000000e+002	 3,19592e+002	 1,13192e+001
1193	 5,9600000000e+002	 3,19766e+002	 1,10740e+001
1194	 5,9650000000e+002	 3,19835e+002	 1,07052e+001
1195	 5,9700000000e+002	 3,19916e+002	 1,01509e+001
1196	 5,9750000000e+002	 3,19822e+002	 9,51610e+000
1197	 5,9800000000e+002	 3,19631e+002	 8,89323e+000
1198	 5,9850000000e+002	 3,19398e+002	 8,04762e+000
1199	 5,9900000000e+002	 3,18847e+002	 7,30831e+000
1200	 5,9950000000e+002	 3,18252e+002	 6,56722e+000
1201	 6,0000000000e+002	 3,17564e+002	 5,87196e+000
1202	 6,0050000000e+002	 3,16838e+002	 5,17944e+000
1203	 6,0100000000e+002	 3,15986e+002	 4,44755e+000
1204	 6,0150000000e+002	 3,14957e+002	 3,78450e+000
1205	 6,0200000000e+002	 3,13800e+002	 3,16483e+000
1206	 6,0250000000e+002	 3,12800e+002	 2,82946e+000
1207	 6,0300000000e+002	 3,11633e+002	 2,32380e+000
1208	 6,0350000000e+002	 3,10380e+002	 1,79444e+000
1209	 6,0400000000e+002	 3,09052e+002	 1,44720e+000
1210	 6,0450000000e+002	 3,07752e+002	 1,19087e+000
1211	 6,0500000000e+002	 3,06176e+002	 9,07507e-001
1212	 6,0550000000e+002	 3,04669e+002	 6,96998e-001
1213	 6,0600000000e+002	 3,03080e+002	 8,54793e-001
1214	 6,0650000000e+002	 3,01493e+002	 9,27428e-001
1215	 6,0700000000e+002	 2,99819e+002	 1,21309e+000
1216	 6,0750000000e+002	 2,98255e+002	 1,71638e+000
1217	 6,0800000000e+002	 2,96685e+002	 2,20494e+000
1218	 6,0850000000e+002	 2,95147e+002	 2,92907e+000
1219	 6,0900000000e+002	 2,93628e+002	 3,64631e+000
1220	 6,0950000000e+002	 2,92189e+002	 4,53828e+000
1221	 6,1000000000e+002	 2,90895e+002	 5,60378e+000
1222	 6,1050000000e+002	 2,89497e+002	 6,83253e+000
1223	 6,1100000000e+002	 2,88491e+002	 8,05445e+000
1224	 6,1150000000e+002	 2,87440e+002	 9,30542e+000
1225	 6,1200000000e+002	 2,86623e+002	 1,07861e+001
1226	 6,1250000000e+002	 2,85915e+002	 1,21339e+001
1227	 6,1300000000e+002	 2,85359e+002	 1,36670e+001
1228	 6,1350000000e+002	 2,84925e+002	 1,49261e+001
1229	 6,1400000000e+002	 2,84510e+002	 1,63567e+001
1230	 6,1450000000e+002	 2,84312e+002	 1,77516e+001
1231	 6,1500000000e+002	 2,84278e+002	 1,91790e+001
1232	 6,1550000000e+002	 2,84245e+002	 2,04446e+001
1233	 6,1600000000e+002	 2,84376e+002	 2,18081e+001
1234	 6,1650000000e+002	 2,84584e+002	 2,30757e+001
1235	 6,1700000000e+002	 2,84990e+002	 2,43063e+001
1236	 6,1750000000e+002	 2,85497e+002	 2,54838e+001
1237	 6,1800000000e+002	 2,86109e+002	 2,64732e+001
1238	 6,1850000000e+002	 2,86734e+002	 2,74196e+001
1239	 6,1900000000e+002	 2,87632e+002	 2,82706e+001
1240	 6,1950000000e+002	 2,88390e+002	 2,89681e+001
1241	 6,2000000000e+002	 2,89260e+002	 2,95281e+001
1242	 6,2050000000e+002	 2,90186e+002	 3,00371e+001
1243	 6,2100000000e+002	 2,91202e+002	 3,02914e+001
1244	 6,2150000000e+002	 2,92200e+002	 3,03335e+001
1245	 6,2200000000e+002	 2,93016e+002	 3,03781e+001
1246	 6,2250000000e+002	 2,94014e+002	 3,03182e+001
1247	 6,2300000000e+002	 2,94837e+002	 3,00105e+001
1248	 6,2350000000e+002	 2,95555e+002	 2,95780e+001
1249	 6,2400000000e+002	 2,96330e+002	 2,91762e+001
1250	 6,2450000000e+002	 2,96812e+002	 2,87477e+001
1251	 6,2500000000e+002	 2,97527e+002	 2,81018e+001
1252	 6,2550000000e+002	 2,98043e+002	 2,74681e+001
1253	 6,2600000000e+002	 2,98444e+002	 2,67027e+001
1254	 6,2650000000e+002	 2,98882e+002	 2,58605e+001
1255	 6,2700000000e+002	 2,99020e+002	 2,50109e+001
1256	 6,2750000000e+002	 2,99354e+002	 2,41176e+001
1257	 6,2800000000e+002	 2,99379e+002	 2,30128e+001
1258	 6,2850000000e+002	 2,99299e+002	 2,18919e+001
1259	 6,2900000000e+002	 2,99127e+002	 2,08029e+001
1260	 6,2950000000e+002	 2,98685e+002	 1,96474e+001
1261	 6,3000000000e+002	 2,98209e+002	 1,85695e+001
1262	 6,3050000000e+002	 2,97635e+002	 1,73853e+001
1263	 6,3100000000e+002	 2,96778e+002	 1,63803e+001
1264	 6,3150000000e+002	 2,95862e+002	 1,55206e+001
1265	 6,3200000000e+002	 2,94845e+002	 1,44377e+001
1266	 6,3250000000e+002	 2,93472e+002	 1,37114e+001
1267	 6,3300000000e+002	 2,92130e+002	 1,30702e+001
1268	 6,3350000000e+002	 2,90689e+002	 1,25852e+001
1269	 6,3400000000e+002	 2,89292e+002	 1,23902e+001
1270	 6,3450000000e+002	 2,87823e+002	 1,21820e+001
1271	 6,3500000000e+002	 2,86315e+002	 1,22335e+001
1272	 6,3550000000e+002	 2,84915e+002	 1,25087e+001
1273	 6,3600000000e+002	 2,83615e+002	 1,27274e+001
1274	 6,3650000000e+002	 2,82358e+002	 1,31519e+001
1275	 6,3700000000e+002	 2,81182e+002	 1,35674e+001
1276	 6,3750000000e+002	 2,80024e+002	 1,42095e+001
1277	 6,3800000000e+002	 2,79065e+002	 1,48654e+001
1278	 6,3850000000e+002	 2,78126e+002	 1,54578e+001
1279	 6,3900000000e+002	 2,77169e+002	 1,60705e+001
1280	 6,3950000000e+002	 2,76438e+002	 1,68875e+001
1281	 6,4000000000e+002	 2,75666e+002	 1,75532e+001
1282	 6,4050000000e+002	 2,75031e+002	 1,81824e+001
1283	 6,4100000000e+002	 2,74381e+002	 1,87533e+001
1284	 6,4150000000e+002	 2,73795e+002	 1,95639e+001
1285	 6,4200000000e+002	 2,73465e+002	 2,01031e+001
1286	 6,4250000000e+002	 2,72729e+002	 2,07496e+001
1287	 6,4300000000e+002	 2,72193e+002	 2,14330e+001
1288	 6,4350000000e+002	 2,71710e+002	 2,19773e+001
1289	 6,4400000000e+002	 2,71065e+002	 2,26203e+001
1290	 6,4450000000e+002	 2,70616e+002	 2,32275e+001
1291	 6,4500000000e+002	 2,70044e+002	 2,38111e+001
1292	 6,4550000000e+002	 2,69405e+002	 2,45296e+001
1293	 6,4600000000e+002	 2,69088e+002	 2,54450e+001
1294	 6,4650000000e+002	 2,68731e+002	 2,60576e+001
1295	 6,4700000000e+002	 2,68203e+002	 2,67053e+001
1296	 6,4750000000e+002	 2,67797e+002	 2,76268e+001
1297	 6,4800000000e+002	 2,67481e+002	 2,84648e+001
1298	 6,4850000000e+002	 2,67122e+002	 2,92228e+001
1299	 6,4900000000e+002	 2,66922e+002	 3,00960e+001
1300	 6,4950000000e+002	 2,66580e+002	 3,09643e+001
1301	 6,5000000000e+002	 2,66526e+002	 3,18533e+001
1302	 6,5050000000e+002	 2,66483e+002	 3,26331e+001
1303	 6,5100000000e+002	 2,66464e+002	 3,33654e+001
1304	 6,5150000000e+002	 2,66454e+002	 3,41968e+001
1305	 6,5200000000e+002	 2,66597e+002	 3,50118e+001
1306	 6,5250000000e+002	 2,66767e+002	 3,56107e+001
1307	 6,5300000000e+002	 2,66971e+002	 3,63003e+001
1308	 6,5350000000e+002	 2,67225e+002	 3,66740e+001
1309	 6,5400000000e+002	 2,67162e+002	 3,69097e+001
1310	 6,5450000000e+002	 2,67456e+002	 3,73394e+001
1311	 6,5500000000e+002	 2,67175e+002	 3,75339e+001
1312	 6,5550000000e+002	 2,67129e+002	 3,78656e+001
1313	 6,5600000000e+002	 2,67085e+002	 3,82403e+001
1314	 6,5650000000e+002	 2,67042e+002	 3,84413e+001
1315	 6,5700000000e+002	 2,66788e+002	 3,85713e+001
1316	 6,5750000000e+002	 2,66422e+002	 3,88994e+001
1317	 6,5800000000e+002	 2,66024e+002	 3,94062e+001
1318	 6,5850000000e+002	 2,65816e+002	 3,97435e+001
1319	 6,5900000000e+002	 2,65363e+002	 3,99573e+001
1320	 6,5950000000e+002	 2,64752e+002	 4,04019e+001
1321	 6,6000000000e+002	 2,64329e+002	 4,09794e+001
1322	 6,6050000000e+002	 2,63728e+002	 4,15299e+001
1323	 6,6100000000e+002	 2,63119e+002	 4,23791e+001
1324	 6,6150000000e+002	 2,62710e+002	 4,31252e+001
1325	 6,6200000000e+002	 2,62163e+002	 4,40172e+001
1326	 6,6250000000e+002	 2,61660e+002	 4,48867e+001
1327	 6,6300000000e+002	 2,61343e+002	 4,60909e+001
1328	 6,6350000000e+002	 2,60940e+002	 4,71323e+001
1329	 6,6400000000e+002	 2,60617e+002	 4,82512e+001
1330	 6,6450000000e+002	 2,60424e+002	 4,95707e+001
1331	 6,6500000000e+002	 2,60407e+002	 5,06186e+001
1332	 6,6550000000e+002	 2,60158e+002	 5,18906e+001
1333	 6,6600000000e+002	 2,60220e+002	 5,33206e+001
1334	 6,6650000000e+002	 2,60507e+002	 5,46555e+001
1335	 6,6700000000e+002	 2,60619e+002	 5,59510e+001
1336	 6,6750000000e+002	 2,60788e+002	 5,73384e+001
1337	 6,6800000000e+002	 2,61365e+002	 5,86289e+001
1338	 6,6850000000e+002	 2,61840e+002	 5,98419e+001
1339	 6,6900000000e+002	 2,62508e+002	 6,11395e+001
1340	 6,6950000000e+002	 2,63181e+002	 6,20735e+001
1341	 6,7000000000e+002	 2,63718e+002	 6,31758e+001
1342	 6,7050000000e+002	 2,64392e+002	 6,41979e+001
1343	 6,7100000000e+002	 2,65171e+002	 6,52534e+001
1344	 6,7150000000e+002	 2,65948e+002	 6,62787e+001
1345	 6,7200000000e+002	 2,66768e+002	 6,71885e+001
1346	 6,7250000000e+002	 2,67617e+002	 6,82541e+001
1347	 6,7300000000e+002	 2,68719e+002	 6,90439e+001
1348	 6,7350000000e+002	 2,69729e+002	 6,97163e+001
1349	 6,7400000000e+002	 2,70657e+002	 7,03242e+001
1350	 6,7450000000e+002	 2,71760e+002	 7,07776e+001
1351	 6,7500000000e+002	 2,72706e+002	 7,13109e+001
1352	 6,7550000000e+002	 2,73603e+002	 7,17209e+001
1353	 6,7600000000e+002	 2,74594e+002	 7,21694e+001
1354	 6,7650000000e+002	 2,75572e+002	 7,24773e+001
1355	 6,7700000000e+002	 2,76410e+002	 7,25883e+001
1356	 6,7750000000e+002	 2,77215e+002	 7,28793e+001
1357	 6,7800000000e+002	 2,78038e+002	 7,31262e+001
1358	 6,7850000000e+002	 2,78932e+002	 7,32095e+001
1359	 6,7900000000e+002	 2,79637e+002	 7,32935e+001
1360	 6,7950000000e+002	 2,80507e+002	 7,34972e+001
1361	 6,8000000000e+002	 2,81152e+002	 7,34855e+001
1362	 6,8050000000e+002	 2,81723e+002	 7,34971e+001
1363	 6,8100000000e+002	 2,82292e+002	 7,34902e+001
1364	 6,8150000000e+002	 2,82824e+002	 7,37557e+001
1365	 6,8200000000e+002	 2,83260e+002	 7,36295e+001
1366	 6,8250000000e+002	 2,83624e+002	 7,38783e+001
1367	 6,8300000000e+002	 2,84112e+002	 7,40506e+001
1368	 6,8350000000e+002	 2,84692e+002	 7,42622e+001
1369	 6,8400000000e+002	 2,85233e+002	 7,43770e+001
1370	 6,8450000000e+002	 2,85725e+002	 7,45957e+001
1371	 6,8500000000e+002	 2,86307e+002	 7,46142e+001
1372	 6,8550000000e+002	 2,86715e+002	 7,47670e+001
1373	 6,8600000000e+002	 2,87025e+002	 7,49873e+001
1374	 6,8650000000e+002	 2,87460e+002	 7,51919e+001
1375	 6,8700000000e+002	 2,87882e+002	 7,53342e+001
1376	 6,8750000000e+002	 2,88218e+002	 7,55908e+001
1377	 6,8800000000e+002	 2,88739e+002	 7,59216e+001
1378	 6,8850000000e+002	 2,89234e+002	 7,61454e+001
1379	 6,8900000000e+002	 2,89642e+002	 7,63791e+001
1380	 6,8950000000e+002	 2,90211e+002	 7,67241e+001
1381	 6,9000000000e+002	 2,90661e+002	 7,69228e+001
1382	 6,9050000000e+002	 2,91159e+002	 7,72131e+001
1383	 6,9100000000e+002	 2,91704e+002	 7,73416e+001
1384	 6,9150000000e+002	 2,92215e+002	 7,77117e+001
1385	 6,9200000000e+002	 2,92707e+002	 7,79550e+001
1386	 6,9250000000e+002	 2,93360e+002	 7,82581e+001
1387	 6,9300000000e+002	 2,93925e+002	 7,84848e+001
1388	 6,9350000000e+002	 2,94668e+002	 7,87856e+001
1389	 6,9400000000e+002	 2,95241e+002	 7,89116e+001
1390	 6,9450000000e+002	 2,95824e+002	 7,91252e+001
1391	 6,9500000000e+002	 2,96540e+002	 7,93011e+001
1392	 6,9550000000e+002	 2,97282e+002	 7,94293e+001
1393	 6,9600000000e+002	 2,98099e+002	 7,93871e+001
1394	 6,9650000000e+002	 2,98620e+002	 7,94627e+001
1395	 6,9700000000e+002	 2,99266e+002	 7,94281e+001
1396	 6,9750000000e+002	 2,99881e+002	 7,93480e+001
1397	 6,9800000000e+002	 3,00572e+002	 7,93035e+001
1398	 6,9850000000e+002	 3,01064e+002	 7,92098e+001
1399	 6,9900000000e+002	 3,01684e+002	 7,91519e+001
1400	 6,9950000000e+002	 3,02267e+002	 7,90485e+001
1401	 7,0000000000e+002	 3,02739e+002	 7,88289e+001
1402	 7,0050000000e+002	 3,03265e+002	 7,87039e+001
1403	 7,0100000000e+002	 3,03615e+002	 7,85598e+001
1404	 7,0150000000e+002	 3,04147e+002	 7,83759e+001
1405	 7,0200000000e+002	 3,04528e+002	 7,82089e+001
1406	 7,0250000000e+002	 3,04932e+002	 7,78656e+001
1407	 7,0300000000e+002	 3,05250e+002	 7,76019e+001
1408	 7,0350000000e+002	 3,05402e+002	 7,73299e+001
1409	 7,0400000000e+002	 3,05484e+002	 7,72472e+001
1410	 7,0450000000e+002	 3,05735e+002	 7,70778e+001
1411	 7,0500000000e+002	 3,05809e+002	 7,68804e+001
1412	 7,0550000000e+002	 3,05779e+002	 7,67571e+001
1413	 7,0600000000e+002	 3,05778e+002	 7,68000e+001
1414	 7,0650000000e+002	 3,05866e+002	 7,68070e+001
1415	 7,0700000000e+002	 3,05861e+002	 7,68155e+001
1416	 7,0750000000e+002	 3,05857e+002	 7,68684e+001
1417	 7,0800000000e+002	 3,05931e+002	 7,69938e+001
1418	 7,0850000000e+002	 3,06011e+002	 7,70100e+001
1419	 7,0900000000e+002	 3,05890e+002	 7,71615e+001
1420	 7,0950000000e+002	 3,05939e+002	 7,72262e+001
1421	 7,1000000000e+002	 3,05720e+002	 7,74931e+001
1422	 7,1050000000e+002	 3,05676e+002	 7,76951e+001
1423	 7,1100000000e+002	 3,05557e+002	 7,79280e+001
1424	 7,1150000000e+002	 3,05539e+002	 7,82485e+001
1425	 7,1200000000e+002	 3,05376e+002	 7,86418e+001
1426	 7,1250000000e+002	 3,05146e+002	 7,91461e+001
1427	 7,1300000000e+002	 3,05149e+002	 7,97222e+001
1428	 7,1350000000e+002	 3,05247e+002	 8,03215e+001
1429	 7,1400000000e+002	 3,05270e+002	 8,07913e+001
1430	 7,1450000000e+002	 3,05281e+002	 8,14178e+001
1431	 7,1500000000e+002	 3,05452e+002	 8,19798e+001
1432	 7,1550000000e+002	 3,05644e+002	 8,25781e+001
1433	 7,1600000000e+002	 3,05675e+002	 8,32432e+001
1434	 7,1650000000e+002	 3,05869e+002	 8,38606e+001
1435	 7,1700000000e+002	 3,05979e+002	 8,45007e+001
1436	 7,1750000000e+002	 3,06068e+002	 8,52281e+001
1437	 7,1800000000e+002	 3,06238e+002	 8,60126e+001
1438	 7,1850000000e+002	 3,06438e+002	 8,67423e+001
1439	 7,1900000000e+002	 3,06530e+002	 8,76724e+001
1440	 7,1950000000e+002	 3,06959e+002	 8,86816e+001
1441	 7,2000000000e+002	 3,07429e+002	 8,95855e+001
1442	 7,2050000000e+002	 3,07783e+002	 9,04016e+001
1443	 7,2100000000e+002	 3,08302e+002	 9,13344e+001
1444	 7,2150000000e+002	 3,08912e+002	 9,23076e+001
1445	 7,2200000000e+002	 3,09478e+002	 9,31620e+001
1446	 7,2250000000e+002	 3,10167e+002	 9,39183e+001
1447	 7,2300000000e+002	 3,10810e+002	 9,48359e+001
1448	 7,2350000000e+002	 3,11563e+002	 9,55249e+001
1449	 7,2400000000e+002	 3,12237e+002	 9,64104e+001
1450	 7,2450000000e+002	 3,13022e+002	 9,72602e+001
1451	 7,2500000000e+002	 3,13932e+002	 9,78909e+001
1452	 7,2550000000e+002	 3,14645e+002	 9,86539e+001
1453	 7,2600000000e+002	 3,15469e+002	 9,93617e+001
1454	 7,2650000000e+002	 3,16336e+002	 1,00159e+002
1455	 7,2700000000e+002	 3,17273e+002	 1,00646e+002
1456	 7,2750000000e+002	 3,18036e+002	 1,01440e+002
1457	 7,2800000000e+002	 3,19029e+002	 1,02154e+002
1458	 7,2850000000e+002	 3,19978e+002	 1,02906e+002
1459	 7,2900000000e+002	 3,20985e+002	 1,03509e+002
1460	 7,2950000000e+002	 3,21950e+002	 1,04063e+002
1461	 7,3000000000e+002	 3,23100e+002	 1,04638e+002
1462	 7,3050000000e+002	 3,24026e+002	 1,05084e+002
1463	 7,3100000000e+002	 3,25270e+002	 1,05693e+002
1464	 7,3150000000e+002	 3,26285e+002	 1,06085e+002
1465	 7,3200000000e+002	 3,27376e+002	 1,06297e+002
1466	 7,3250000000e+002	 3,28311e+002	 1,06708e+002
1467	 7,3300000000e+002	 3,29232e+002	 1,07020e+002
1468	 7,3350000000e+002	 3,30200e+002	 1,07437e+002
1469	 7,3400000000e+002	 3,31243e+002	 1,07783e+002
1470	 7,3450000000e+002	 3,32186e+002	 1,08136e+002
1471	 7,3500000000e+002	 3,33176e+002	 1,08451e+002
1472	 7,3550000000e+002	 3,34013e+002	 1,08710e+002
1473	 7,3600000000e+002	 3,34935e+002	 1,09188e+002
1474	 7,3650000000e+002	 3,35996e+002	 1,09425e+002
1475	 7,3700000000e+002	 3,36933e+002	 1,09703e+002
1476	 7,3750000000e+002	 3,37913e+002	 1,10011e+002
1477	 7,3800000000e+002	 3,38831e+002	 1,10315e+002
1478	 7,3850000000e+002	 3,39754e+002	 1,10659e+002
1479	 7,3900000000e+002	 3,40708e+002	 1,10920e+002
1480	 7,3950000000e+002	 3,41606e+002	 1,11245e+002
1481	 7,4000000000e+002	 3,42581e+002	 1,11472e+002
1482	 7,4050000000e+002	 3,43546e+002	 1,11721e+002
1483	 7,4100000000e+002	 3,44419e+002	 1,11934e+002
1484	 7,4150000000e+002	 3,45205e+002	 1,12255e+002
1485	 7,4200000000e+002	 3,46095e+002	 1,12600e+002
1486	 7,4250000000e+002	 3,46940e+002	 1,12780e+002
1487	 7,4300000000e+002	 3,47685e+002	 1,13153e+002
1488	 7,4350000000e+002	 3,48518e+002	 1,13427e+002
1489	 7,4400000000e+002	 3,49527e+002	 1,13848e+002
1490	 7,4450000000e+002	 3,50326e+002	 1,14283e+002
1491	 7,4500000000e+002	 3,51266e+002	 1,14650e+002
1492	 7,4550000000e+002	 3,52144e+002	 1,15000e+002
1493	 7,4600000000e+002	 3,52983e+002	 1,15501e+002
1494	 7,4650000000e+002	 3,53866e+002	 1,15913e+002
1495	 7,4700000000e+002	 3,54831e+002	 1,16282e+002
1496	 7,4750000000e+002	 3,55766e+002	 1,16783e+002
1497	 7,4800000000e+002	 3,56711e+002	 1,17395e+002
1498	 7,4850000000e+002	 3,57688e+002	 1,17803e+002
1499	 7,4900000000e+002	 3,58794e+002	 1,18398e+002
1500	 7,4950000000e+002	 3,59860e+002	 1,19004e+002
1501	 7,5000000000e+002	 3,60955e+002	 1,19428e+002
1502	 7,5050000000e+002	 3,62013e+002	 1,19880e+002
1503	 7,5100000000e+002	 3,63154e+002	 1,20486e+002
1504	 7,5150000000e+002	 3,64326e+002	 1,21124e+002
1505	 7,5200000000e+002	 3,65692e+002	 1,21773e+002
1506	 7,5250000000e+002	 3,67065e+002	 1,22236e+002
1507	 7,5300000000e+002	 3,68440e+002	 1,22691e+002
1508	 7,5350000000e+002	 3,69872e+002	 1,23241e+002
1509	 7,5400000000e+002	 3,71359e+002	 1,23619e+002
1510	 7,5450000000e+002	 3,72864e+002	 1,24084e+002
1511	 7,5500000000e+002	 3,74373e+002	 1,24275e+002
1512	 7,5550000000e+002	 3,76007e+002	 1,24747e+002
1513	 7,5600000000e+002	 3,77656e+002	 1,24903e+002
1514	 7,5650000000e+002	 3,79316e+002	 1,25112e+002
1515	 7,5700000000e+002	 3,80958e+002	 1,25108e+002
1516	 7,5750000000e+002	 3,82563e+002	 1,25123e+002
1517	 7,5800000000e+002	 3,84070e+002	 1,25063e+002
1518	 7,5850000000e+002	 3,85642e+002	 1,25030e+002
1519	 7,5900000000e+002	 3,87400e+002	 1,24991e+002
1520	 7,5950000000e+002	 3,88902e+002	 1,24702e+002
1521	 7,6000000000e+002	 3,90488e+002	 1,24484e+002
1522	 7,6050000000e+002	 3,91903e+002	 1,24154e+002
1523	 7,6100000000e+002	 3,93355e+002	 1,23836e+002
1524	 7,6150000000e+002	 3,94790e+002	 1,23426e+002
1525	 7,6200000000e+002	 3,96213e+002	 1,23084e+002
1526	 7,6250000000e+002	 3,97470e+002	 1,22525e+002
1527	 7,6300000000e+002	 3,98770e+002	 1,22215e+002
1528	 7,6350000000e+002	 4,00027e+002	 1,21662e+002
1529	 7,6400000000e+002	 4,01147e+002	 1,21166e+002
1530	 7,6450000000e+002	 4,02260e+002	 1,20597e+002
1531	 7,6500000000e+002	 4,03297e+002	 1,20083e+002
1532	 7,6550000000e+002	 4,04169e+002	 1,19665e+002
1533	 7,6600000000e+002	 4,05116e+002	 1,19175e+002
1534	 7,6650000000e+002	 4,05901e+002	 1,18689e+002
1535	 7,6700000000e+002	 4,06750e+002	 1,18332e+002
1536	 7,6750000000e+002	 4,07456e+002	 1,17896e+002
1537	 7,6800000000e+002	 4,08092e+002	 1,17659e+002
1538	 7,6850000000e+002	 4,08785e+002	 1,17364e+002
1539	 7,6900000000e+002	 4,09464e+002	 1,17291e+002
1540	 7,6950000000e+002	 4,10103e+002	 1,17032e+002
1541	 7,7000000000e+002	 4,10631e+002	 1,16870e+002
1542	 7,7050000000e+002	 4,11206e+002	 1,16954e+002
1543	 7,7100000000e+002	 4,11894e+002	 1,16964e+002
1544	 7,7150000000e+002	 4,12584e+002	 1,17012e+002
1545	 7,7200000000e+002	 4,13110e+002	 1,17159e+002
1546	 7,7250000000e+002	 4,13872e+002	 1,17217e+002
1547	 7,7300000000e+002	 4,14424e+002	 1,17483e+002
1548	 7,7350000000e+002	 4,15083e+002	 1,17675e+002
1549	 7,7400000000e+002	 4,15700e+002	 1,18043e+002
1550	 7,7450000000e+002	 4,16560e+002	 1,18338e+002
1551	 7,7500000000e+002	 4,17298e+002	 1,18809e+002
1552	 7,7550000000e+002	 4,17958e+002	 1,19153e+002
1553	 7,7600000000e+002	 4,18795e+002	 1,19752e+002
1554	 7,7650000000e+002	 4,19814e+002	 1,20359e+002
1555	 7,7700000000e+002	 4,20740e+002	 1,20757e+002
1556	 7,7750000000e+002	 4,21743e+002	 1,21314e+002
1557	 7,7800000000e+002	 4,22910e+002	 1,21957e+002
1558	 7,7850000000e+002	 4,23947e+002	 1,22398e+002
1559	 7,7900000000e+002	 4,25028e+002	 1,22912e+002
1560	 7,7950000000e+002	 4,26321e+002	 1,23496e+002
1561	 7,8000000000e+002	 4,27526e+002	 1,24015e+002
1562	 7,8050000000e+002	 4,28888e+002	 1,24597e+002
1563	 7,8100000000e+002	 4,30204e+002	 1,25117e+002
1564	 7,8150000000e+002	 4,31637e+002	 1,25629e+002
1565	 7,8200000000e+002	 4,33011e+002	 1,26049e+002
1566	 7,8250000000e+002	 4,34376e+002	 1,26596e+002
1567	 7,8300000000e+002	 4,35873e+002	 1,27045e+002
1568	 7,8350000000e+002	 4,37272e+002	 1,27447e+002
1569	 7,8400000000e+002	 4,38786e+002	 1,27925e+002
1570	 7,8450000000e+002	 4,40451e+002	 1,28323e+002
1571	 7,8500000000e+002	 4,42117e+002	 1,28705e+002
1572	 7,8550000000e+002	 4,43714e+002	 1,28987e+002
1573	 7,8600000000e+002	 4,45331e+002	 1,29396e+002
1574	 7,8650000000e+002	 4,47046e+002	 1,29697e+002
1575	 7,8700000000e+002	 4,48674e+002	 1,29773e+002
1576	 7,8750000000e+002	 4,50376e+002	 1,29968e+002
1577	 7,8800000000e+002	 4,52011e+002	 1,30114e+002
1578	 7,8850000000e+002	 4,53714e+002	 1,30286e+002
1579	 7,8900000000e+002	 4,55270e+002	 1,30279e+002
1580	 7,8950000000e+002	 4,56889e+002	 1,30433e+002
1581	 7,9000000000e+002	 4,58406e+002	 1,30473e+002
1582	 7,9050000000e+002	 4,60023e+002	 1,30547e+002
1583	 7,9100000000e+002	 4,61576e+002	 1,30622e+002
1584	 7,9150000000e+002	 4,63079e+002	 1,30782e+002
1585	 7,9200000000e+002	 4,64621e+002	 1,30952e+002
1586	 7,9250000000e+002	 4,66136e+002	 1,31061e+002
1587	 7,9300000000e+002	 4,67680e+002	 1,31262e+002
1588	 7,9350000000e+002	 4,69303e+002	 1,31461e+002
1589	 7,9400000000e+002	 4,70741e+002	 1,31590e+002
1590	 7,9450000000e+002	 4,72315e+002	 1,31937e+002
1591	 7,9500000000e+002	 4,73852e+002	 1,32169e+002
1592	 7,9550000000e+002	 4,75465e+002	 1,32459e+002
1593	 7,9600000000e+002	 4,77030e+002	 1,32759e+002
1594	 7,9650000000e+002	 4,78684e+002	 1,33120e+002
1595	 7,9700000000e+002	 4,80226e+002	 1,33574e+002
1596	 7,9750000000e+002	 4,82117e+002	 1,33962e+002
1597	 7,9800000000e+002	 4,83744e+002	 1,34546e+002
1598	 7,9850000000e+002	 4,85590e+002	 1,35093e+002
1599	 7,9900000000e+002	 4,87481e+002	 1,35526e+002
1600	 7,9950000000e+002	 4,89429e+002	 1,36075e+002
1601	 8,0000000000e+002	 4,91408e+002	 1,36596e+002