       338       720       194         2         0         0         0         0         4         0         0         0
 CELL TYPE 6/8 - general fiber in hexagonal array.               dens=0.6000E+00 (2019-11-27 09:33:50)
       338
         1   0.000000000000000E+00   0.000000000000000E+00   0.000000000000000E+00
         2   0.772547000000000E-01   0.000000000000000E+00   0.000000000000000E+00
         3   0.154509000000000E+00   0.000000000000000E+00   0.000000000000000E+00
         4   0.000000000000000E+00   0.772547000000000E-01   0.000000000000000E+00
         5   0.772547000000000E-01   0.772547000000000E-01   0.000000000000000E+00
         6   0.154509000000000E+00   0.772547000000000E-01   0.000000000000000E+00
         7   0.000000000000000E+00   0.154509000000000E+00   0.000000000000000E+00
         8   0.772547000000000E-01   0.154509000000000E+00   0.000000000000000E+00
         9   0.154509000000000E+00   0.154509000000000E+00   0.000000000000000E+00
        10   0.000000000000000E+00   0.000000000000000E+00   0.100000000000000E+01
        11   0.772547000000000E-01   0.000000000000000E+00   0.100000000000000E+01
        12   0.154509000000000E+00   0.000000000000000E+00   0.100000000000000E+01
        13   0.000000000000000E+00   0.772547000000000E-01   0.100000000000000E+01
        14   0.772547000000000E-01   0.772547000000000E-01   0.100000000000000E+01
        15   0.154509000000000E+00   0.772547000000000E-01   0.100000000000000E+01
        16   0.000000000000000E+00   0.154509000000000E+00   0.100000000000000E+01
        17   0.772547000000000E-01   0.154509000000000E+00   0.100000000000000E+01
        18   0.154509000000000E+00   0.154509000000000E+00   0.100000000000000E+01
        19   0.000000000000000E+00   0.231764000000000E+00   0.000000000000000E+00
        20   0.107725850000000E+00   0.215452000000000E+00   0.000000000000000E+00
        21   0.186509000000000E+00   0.186509000000000E+00   0.000000000000000E+00
        22   0.000000000000000E+00   0.309019000000000E+00   0.000000000000000E+00
        23   0.138197000000000E+00   0.276395000000000E+00   0.000000000000000E+00
        24   0.218509000000000E+00   0.218509000000000E+00   0.000000000000000E+00
        25   0.000000000000000E+00   0.231764000000000E+00   0.100000000000000E+01
        26   0.107725850000000E+00   0.215452000000000E+00   0.100000000000000E+01
        27   0.186509000000000E+00   0.186509000000000E+00   0.100000000000000E+01
        28   0.000000000000000E+00   0.309019000000000E+00   0.100000000000000E+01
        29   0.138197000000000E+00   0.276395000000000E+00   0.100000000000000E+01
        30   0.218509000000000E+00   0.218509000000000E+00   0.100000000000000E+01
        31   0.000000000000000E+00   0.404509000000000E+00   0.000000000000000E+00
        32   0.116843750000000E+00   0.388197500000000E+00   0.000000000000000E+00
        33   0.204745000000000E+00   0.359255000000000E+00   0.000000000000000E+00
        34   0.000000000000000E+00   0.500000000000000E+00   0.000000000000000E+00
        35   0.954905000000000E-01   0.500000000000000E+00   0.000000000000000E+00
        36   0.190981000000000E+00   0.500000000000000E+00   0.000000000000000E+00
        37   0.000000000000000E+00   0.404509000000000E+00   0.100000000000000E+01
        38   0.116843750000000E+00   0.388197500000000E+00   0.100000000000000E+01
        39   0.204745000000000E+00   0.359255000000000E+00   0.100000000000000E+01
        40   0.000000000000000E+00   0.500000000000000E+00   0.100000000000000E+01
        41   0.954905000000000E-01   0.500000000000000E+00   0.100000000000000E+01
        42   0.190981000000000E+00   0.500000000000000E+00   0.100000000000000E+01
        43   0.231764000000000E+00   0.000000000000000E+00   0.000000000000000E+00
        44   0.309019000000000E+00   0.000000000000000E+00   0.000000000000000E+00
        45   0.215452000000000E+00   0.107725850000000E+00   0.000000000000000E+00
        46   0.276395000000000E+00   0.138197000000000E+00   0.000000000000000E+00
        47   0.231764000000000E+00   0.000000000000000E+00   0.100000000000000E+01
        48   0.309019000000000E+00   0.000000000000000E+00   0.100000000000000E+01
        49   0.215452000000000E+00   0.107725850000000E+00   0.100000000000000E+01
        50   0.276395000000000E+00   0.138197000000000E+00   0.100000000000000E+01
        51   0.295255000000000E+00   0.140745000000000E+00   0.000000000000000E+00
        52   0.281491000000000E+00   0.281491000000000E+00   0.000000000000000E+00
        53   0.250000000000000E+00   0.250000000000000E+00   0.000000000000000E+00
        54   0.223605000000000E+00   0.361803000000000E+00   0.000000000000000E+00
        55   0.295255000000000E+00   0.140745000000000E+00   0.100000000000000E+01
        56   0.281491000000000E+00   0.281491000000000E+00   0.100000000000000E+01
        57   0.250000000000000E+00   0.250000000000000E+00   0.100000000000000E+01
        58   0.223605000000000E+00   0.361803000000000E+00   0.100000000000000E+01
        59   0.313491000000000E+00   0.313491000000000E+00   0.000000000000000E+00
        60   0.345491000000000E+00   0.345491000000000E+00   0.000000000000000E+00
        61   0.284548000000000E+00   0.392274000000000E+00   0.000000000000000E+00
        62   0.345491000000000E+00   0.422745000000000E+00   0.000000000000000E+00
        63   0.268236000000000E+00   0.500000000000000E+00   0.000000000000000E+00
        64   0.345491000000000E+00   0.500000000000000E+00   0.000000000000000E+00
        65   0.313491000000000E+00   0.313491000000000E+00   0.100000000000000E+01
        66   0.345491000000000E+00   0.345491000000000E+00   0.100000000000000E+01
        67   0.284548000000000E+00   0.392274000000000E+00   0.100000000000000E+01
        68   0.345491000000000E+00   0.422745000000000E+00   0.100000000000000E+01
        69   0.268236000000000E+00   0.500000000000000E+00   0.100000000000000E+01
        70   0.345491000000000E+00   0.500000000000000E+00   0.100000000000000E+01
        71   0.404509000000000E+00   0.000000000000000E+00   0.000000000000000E+00
        72   0.500000000000000E+00   0.000000000000000E+00   0.000000000000000E+00
        73   0.383156000000000E+00   0.111802250000000E+00   0.000000000000000E+00
        74   0.500000000000000E+00   0.954905000000000E-01   0.000000000000000E+00
        75   0.361803000000000E+00   0.223605000000000E+00   0.000000000000000E+00
        76   0.500000000000000E+00   0.190981000000000E+00   0.000000000000000E+00
        77   0.404509000000000E+00   0.000000000000000E+00   0.100000000000000E+01
        78   0.500000000000000E+00   0.000000000000000E+00   0.100000000000000E+01
        79   0.383156000000000E+00   0.111802250000000E+00   0.100000000000000E+01
        80   0.500000000000000E+00   0.954905000000000E-01   0.100000000000000E+01
        81   0.361803000000000E+00   0.223605000000000E+00   0.100000000000000E+01
        82   0.500000000000000E+00   0.190981000000000E+00   0.100000000000000E+01
        83   0.392274000000000E+00   0.284548000000000E+00   0.000000000000000E+00
        84   0.500000000000000E+00   0.268236000000000E+00   0.000000000000000E+00
        85   0.422745000000000E+00   0.345491000000000E+00   0.000000000000000E+00
        86   0.500000000000000E+00   0.345491000000000E+00   0.000000000000000E+00
        87   0.392274000000000E+00   0.284548000000000E+00   0.100000000000000E+01
        88   0.500000000000000E+00   0.268236000000000E+00   0.100000000000000E+01
        89   0.422745000000000E+00   0.345491000000000E+00   0.100000000000000E+01
        90   0.500000000000000E+00   0.345491000000000E+00   0.100000000000000E+01
        91   0.422745000000000E+00   0.422745000000000E+00   0.000000000000000E+00
        92   0.500000000000000E+00   0.422745000000000E+00   0.000000000000000E+00
        93   0.422745000000000E+00   0.500000000000000E+00   0.000000000000000E+00
        94   0.500000000000000E+00   0.500000000000000E+00   0.000000000000000E+00
        95   0.422745000000000E+00   0.422745000000000E+00   0.100000000000000E+01
        96   0.500000000000000E+00   0.422745000000000E+00   0.100000000000000E+01
        97   0.422745000000000E+00   0.500000000000000E+00   0.100000000000000E+01
        98   0.500000000000000E+00   0.500000000000000E+00   0.100000000000000E+01
        99  -0.772547000000000E-01   0.154509000000000E+00   0.000000000000000E+00
       100  -0.154509000000000E+00   0.154509000000000E+00   0.000000000000000E+00
       101  -0.772547000000000E-01   0.772547000000000E-01   0.000000000000000E+00
       102  -0.154509000000000E+00   0.772547000000000E-01   0.000000000000000E+00
       103  -0.772547000000000E-01   0.000000000000000E+00   0.000000000000000E+00
       104  -0.154509000000000E+00   0.000000000000000E+00   0.000000000000000E+00
       105  -0.772547000000000E-01   0.154509000000000E+00   0.100000000000000E+01
       106  -0.154509000000000E+00   0.154509000000000E+00   0.100000000000000E+01
       107  -0.772547000000000E-01   0.772547000000000E-01   0.100000000000000E+01
       108  -0.154509000000000E+00   0.772547000000000E-01   0.100000000000000E+01
       109  -0.772547000000000E-01   0.000000000000000E+00   0.100000000000000E+01
       110  -0.154509000000000E+00   0.000000000000000E+00   0.100000000000000E+01
       111  -0.138197000000000E+00   0.276395000000000E+00   0.000000000000000E+00
       112  -0.218509000000000E+00   0.218509000000000E+00   0.000000000000000E+00
       113  -0.107725850000000E+00   0.215452000000000E+00   0.000000000000000E+00
       114  -0.186509000000000E+00   0.186509000000000E+00   0.000000000000000E+00
       115  -0.138197000000000E+00   0.276395000000000E+00   0.100000000000000E+01
       116  -0.218509000000000E+00   0.218509000000000E+00   0.100000000000000E+01
       117  -0.107725850000000E+00   0.215452000000000E+00   0.100000000000000E+01
       118  -0.186509000000000E+00   0.186509000000000E+00   0.100000000000000E+01
       119  -0.954905000000000E-01   0.500000000000000E+00   0.000000000000000E+00
       120  -0.190981000000000E+00   0.500000000000000E+00   0.000000000000000E+00
       121  -0.116843750000000E+00   0.388197500000000E+00   0.000000000000000E+00
       122  -0.204745000000000E+00   0.359255000000000E+00   0.000000000000000E+00
       123  -0.954905000000000E-01   0.500000000000000E+00   0.100000000000000E+01
       124  -0.190981000000000E+00   0.500000000000000E+00   0.100000000000000E+01
       125  -0.116843750000000E+00   0.388197500000000E+00   0.100000000000000E+01
       126  -0.204745000000000E+00   0.359255000000000E+00   0.100000000000000E+01
       127  -0.215452000000000E+00   0.107725850000000E+00   0.000000000000000E+00
       128  -0.276395000000000E+00   0.138197000000000E+00   0.000000000000000E+00
       129  -0.231764000000000E+00   0.000000000000000E+00   0.000000000000000E+00
       130  -0.309019000000000E+00   0.000000000000000E+00   0.000000000000000E+00
       131  -0.215452000000000E+00   0.107725850000000E+00   0.100000000000000E+01
       132  -0.276395000000000E+00   0.138197000000000E+00   0.100000000000000E+01
       133  -0.231764000000000E+00   0.000000000000000E+00   0.100000000000000E+01
       134  -0.309019000000000E+00   0.000000000000000E+00   0.100000000000000E+01
       135  -0.250000000000000E+00   0.250000000000000E+00   0.000000000000000E+00
       136  -0.223605000000000E+00   0.361803000000000E+00   0.000000000000000E+00
       137  -0.295255000000000E+00   0.140745000000000E+00   0.000000000000000E+00
       138  -0.281491000000000E+00   0.281491000000000E+00   0.000000000000000E+00
       139  -0.250000000000000E+00   0.250000000000000E+00   0.100000000000000E+01
       140  -0.223605000000000E+00   0.361803000000000E+00   0.100000000000000E+01
       141  -0.295255000000000E+00   0.140745000000000E+00   0.100000000000000E+01
       142  -0.281491000000000E+00   0.281491000000000E+00   0.100000000000000E+01
       143  -0.268236000000000E+00   0.500000000000000E+00   0.000000000000000E+00
       144  -0.345491000000000E+00   0.500000000000000E+00   0.000000000000000E+00
       145  -0.284548000000000E+00   0.392274000000000E+00   0.000000000000000E+00
       146  -0.345491000000000E+00   0.422745000000000E+00   0.000000000000000E+00
       147  -0.313491000000000E+00   0.313491000000000E+00   0.000000000000000E+00
       148  -0.345491000000000E+00   0.345491000000000E+00   0.000000000000000E+00
       149  -0.268236000000000E+00   0.500000000000000E+00   0.100000000000000E+01
       150  -0.345491000000000E+00   0.500000000000000E+00   0.100000000000000E+01
       151  -0.284548000000000E+00   0.392274000000000E+00   0.100000000000000E+01
       152  -0.345491000000000E+00   0.422745000000000E+00   0.100000000000000E+01
       153  -0.313491000000000E+00   0.313491000000000E+00   0.100000000000000E+01
       154  -0.345491000000000E+00   0.345491000000000E+00   0.100000000000000E+01
       155  -0.361803000000000E+00   0.223605000000000E+00   0.000000000000000E+00
       156  -0.500000000000000E+00   0.190981000000000E+00   0.000000000000000E+00
       157  -0.383156000000000E+00   0.111802250000000E+00   0.000000000000000E+00
       158  -0.500000000000000E+00   0.954905000000000E-01   0.000000000000000E+00
       159  -0.404509000000000E+00   0.000000000000000E+00   0.000000000000000E+00
       160  -0.500000000000000E+00   0.000000000000000E+00   0.000000000000000E+00
       161  -0.361803000000000E+00   0.223605000000000E+00   0.100000000000000E+01
       162  -0.500000000000000E+00   0.190981000000000E+00   0.100000000000000E+01
       163  -0.383156000000000E+00   0.111802250000000E+00   0.100000000000000E+01
       164  -0.500000000000000E+00   0.954905000000000E-01   0.100000000000000E+01
       165  -0.404509000000000E+00   0.000000000000000E+00   0.100000000000000E+01
       166  -0.500000000000000E+00   0.000000000000000E+00   0.100000000000000E+01
       167  -0.422745000000000E+00   0.345491000000000E+00   0.000000000000000E+00
       168  -0.500000000000000E+00   0.345491000000000E+00   0.000000000000000E+00
       169  -0.392274000000000E+00   0.284548000000000E+00   0.000000000000000E+00
       170  -0.500000000000000E+00   0.268236000000000E+00   0.000000000000000E+00
       171  -0.422745000000000E+00   0.345491000000000E+00   0.100000000000000E+01
       172  -0.500000000000000E+00   0.345491000000000E+00   0.100000000000000E+01
       173  -0.392274000000000E+00   0.284548000000000E+00   0.100000000000000E+01
       174  -0.500000000000000E+00   0.268236000000000E+00   0.100000000000000E+01
       175  -0.422745000000000E+00   0.500000000000000E+00   0.000000000000000E+00
       176  -0.500000000000000E+00   0.500000000000000E+00   0.000000000000000E+00
       177  -0.422745000000000E+00   0.422745000000000E+00   0.000000000000000E+00
       178  -0.500000000000000E+00   0.422745000000000E+00   0.000000000000000E+00
       179  -0.422745000000000E+00   0.500000000000000E+00   0.100000000000000E+01
       180  -0.500000000000000E+00   0.500000000000000E+00   0.100000000000000E+01
       181  -0.422745000000000E+00   0.422745000000000E+00   0.100000000000000E+01
       182  -0.500000000000000E+00   0.422745000000000E+00   0.100000000000000E+01
       183   0.000000000000000E+00  -0.154509000000000E+00   0.000000000000000E+00
       184   0.772547000000000E-01  -0.154509000000000E+00   0.000000000000000E+00
       185   0.154509000000000E+00  -0.154509000000000E+00   0.000000000000000E+00
       186   0.000000000000000E+00  -0.772547000000000E-01   0.000000000000000E+00
       187   0.772547000000000E-01  -0.772547000000000E-01   0.000000000000000E+00
       188   0.154509000000000E+00  -0.772547000000000E-01   0.000000000000000E+00
       189   0.000000000000000E+00  -0.154509000000000E+00   0.100000000000000E+01
       190   0.772547000000000E-01  -0.154509000000000E+00   0.100000000000000E+01
       191   0.154509000000000E+00  -0.154509000000000E+00   0.100000000000000E+01
       192   0.000000000000000E+00  -0.772547000000000E-01   0.100000000000000E+01
       193   0.772547000000000E-01  -0.772547000000000E-01   0.100000000000000E+01
       194   0.154509000000000E+00  -0.772547000000000E-01   0.100000000000000E+01
       195   0.000000000000000E+00  -0.309019000000000E+00   0.000000000000000E+00
       196   0.138197000000000E+00  -0.276395000000000E+00   0.000000000000000E+00
       197   0.218509000000000E+00  -0.218509000000000E+00   0.000000000000000E+00
       198   0.000000000000000E+00  -0.231764000000000E+00   0.000000000000000E+00
       199   0.107725850000000E+00  -0.215452000000000E+00   0.000000000000000E+00
       200   0.186509000000000E+00  -0.186509000000000E+00   0.000000000000000E+00
       201   0.000000000000000E+00  -0.309019000000000E+00   0.100000000000000E+01
       202   0.138197000000000E+00  -0.276395000000000E+00   0.100000000000000E+01
       203   0.218509000000000E+00  -0.218509000000000E+00   0.100000000000000E+01
       204   0.000000000000000E+00  -0.231764000000000E+00   0.100000000000000E+01
       205   0.107725850000000E+00  -0.215452000000000E+00   0.100000000000000E+01
       206   0.186509000000000E+00  -0.186509000000000E+00   0.100000000000000E+01
       207   0.000000000000000E+00  -0.500000000000000E+00   0.000000000000000E+00
       208   0.954905000000000E-01  -0.500000000000000E+00   0.000000000000000E+00
       209   0.190981000000000E+00  -0.500000000000000E+00   0.000000000000000E+00
       210   0.000000000000000E+00  -0.404509000000000E+00   0.000000000000000E+00
       211   0.116843750000000E+00  -0.388197500000000E+00   0.000000000000000E+00
       212   0.204745000000000E+00  -0.359255000000000E+00   0.000000000000000E+00
       213   0.000000000000000E+00  -0.500000000000000E+00   0.100000000000000E+01
       214   0.954905000000000E-01  -0.500000000000000E+00   0.100000000000000E+01
       215   0.190981000000000E+00  -0.500000000000000E+00   0.100000000000000E+01
       216   0.000000000000000E+00  -0.404509000000000E+00   0.100000000000000E+01
       217   0.116843750000000E+00  -0.388197500000000E+00   0.100000000000000E+01
       218   0.204745000000000E+00  -0.359255000000000E+00   0.100000000000000E+01
       219   0.215452000000000E+00  -0.107725850000000E+00   0.000000000000000E+00
       220   0.276395000000000E+00  -0.138197000000000E+00   0.000000000000000E+00
       221   0.215452000000000E+00  -0.107725850000000E+00   0.100000000000000E+01
       222   0.276395000000000E+00  -0.138197000000000E+00   0.100000000000000E+01
       223   0.250000000000000E+00  -0.250000000000000E+00   0.000000000000000E+00
       224   0.223605000000000E+00  -0.361803000000000E+00   0.000000000000000E+00
       225   0.295255000000000E+00  -0.140745000000000E+00   0.000000000000000E+00
       226   0.281491000000000E+00  -0.281491000000000E+00   0.000000000000000E+00
       227   0.250000000000000E+00  -0.250000000000000E+00   0.100000000000000E+01
       228   0.223605000000000E+00  -0.361803000000000E+00   0.100000000000000E+01
       229   0.295255000000000E+00  -0.140745000000000E+00   0.100000000000000E+01
       230   0.281491000000000E+00  -0.281491000000000E+00   0.100000000000000E+01
       231   0.268236000000000E+00  -0.500000000000000E+00   0.000000000000000E+00
       232   0.345491000000000E+00  -0.500000000000000E+00   0.000000000000000E+00
       233   0.284548000000000E+00  -0.392274000000000E+00   0.000000000000000E+00
       234   0.345491000000000E+00  -0.422745000000000E+00   0.000000000000000E+00
       235   0.313491000000000E+00  -0.313491000000000E+00   0.000000000000000E+00
       236   0.345491000000000E+00  -0.345491000000000E+00   0.000000000000000E+00
       237   0.268236000000000E+00  -0.500000000000000E+00   0.100000000000000E+01
       238   0.345491000000000E+00  -0.500000000000000E+00   0.100000000000000E+01
       239   0.284548000000000E+00  -0.392274000000000E+00   0.100000000000000E+01
       240   0.345491000000000E+00  -0.422745000000000E+00   0.100000000000000E+01
       241   0.313491000000000E+00  -0.313491000000000E+00   0.100000000000000E+01
       242   0.345491000000000E+00  -0.345491000000000E+00   0.100000000000000E+01
       243   0.361803000000000E+00  -0.223605000000000E+00   0.000000000000000E+00
       244   0.500000000000000E+00  -0.190981000000000E+00   0.000000000000000E+00
       245   0.383156000000000E+00  -0.111802250000000E+00   0.000000000000000E+00
       246   0.500000000000000E+00  -0.954905000000000E-01   0.000000000000000E+00
       247   0.361803000000000E+00  -0.223605000000000E+00   0.100000000000000E+01
       248   0.500000000000000E+00  -0.190981000000000E+00   0.100000000000000E+01
       249   0.383156000000000E+00  -0.111802250000000E+00   0.100000000000000E+01
       250   0.500000000000000E+00  -0.954905000000000E-01   0.100000000000000E+01
       251   0.422745000000000E+00  -0.345491000000000E+00   0.000000000000000E+00
       252   0.500000000000000E+00  -0.345491000000000E+00   0.000000000000000E+00
       253   0.392274000000000E+00  -0.284548000000000E+00   0.000000000000000E+00
       254   0.500000000000000E+00  -0.268236000000000E+00   0.000000000000000E+00
       255   0.422745000000000E+00  -0.345491000000000E+00   0.100000000000000E+01
       256   0.500000000000000E+00  -0.345491000000000E+00   0.100000000000000E+01
       257   0.392274000000000E+00  -0.284548000000000E+00   0.100000000000000E+01
       258   0.500000000000000E+00  -0.268236000000000E+00   0.100000000000000E+01
       259   0.422745000000000E+00  -0.500000000000000E+00   0.000000000000000E+00
       260   0.500000000000000E+00  -0.500000000000000E+00   0.000000000000000E+00
       261   0.422745000000000E+00  -0.422745000000000E+00   0.000000000000000E+00
       262   0.500000000000000E+00  -0.422745000000000E+00   0.000000000000000E+00
       263   0.422745000000000E+00  -0.500000000000000E+00   0.100000000000000E+01
       264   0.500000000000000E+00  -0.500000000000000E+00   0.100000000000000E+01
       265   0.422745000000000E+00  -0.422745000000000E+00   0.100000000000000E+01
       266   0.500000000000000E+00  -0.422745000000000E+00   0.100000000000000E+01
       267  -0.772547000000000E-01  -0.772547000000000E-01   0.000000000000000E+00
       268  -0.154509000000000E+00  -0.772547000000000E-01   0.000000000000000E+00
       269  -0.772547000000000E-01  -0.154509000000000E+00   0.000000000000000E+00
       270  -0.154509000000000E+00  -0.154509000000000E+00   0.000000000000000E+00
       271  -0.772547000000000E-01  -0.772547000000000E-01   0.100000000000000E+01
       272  -0.154509000000000E+00  -0.772547000000000E-01   0.100000000000000E+01
       273  -0.772547000000000E-01  -0.154509000000000E+00   0.100000000000000E+01
       274  -0.154509000000000E+00  -0.154509000000000E+00   0.100000000000000E+01
       275  -0.107725850000000E+00  -0.215452000000000E+00   0.000000000000000E+00
       276  -0.186509000000000E+00  -0.186509000000000E+00   0.000000000000000E+00
       277  -0.138197000000000E+00  -0.276395000000000E+00   0.000000000000000E+00
       278  -0.218509000000000E+00  -0.218509000000000E+00   0.000000000000000E+00
       279  -0.107725850000000E+00  -0.215452000000000E+00   0.100000000000000E+01
       280  -0.186509000000000E+00  -0.186509000000000E+00   0.100000000000000E+01
       281  -0.138197000000000E+00  -0.276395000000000E+00   0.100000000000000E+01
       282  -0.218509000000000E+00  -0.218509000000000E+00   0.100000000000000E+01
       283  -0.116843750000000E+00  -0.388197500000000E+00   0.000000000000000E+00
       284  -0.204745000000000E+00  -0.359255000000000E+00   0.000000000000000E+00
       285  -0.954905000000000E-01  -0.500000000000000E+00   0.000000000000000E+00
       286  -0.190981000000000E+00  -0.500000000000000E+00   0.000000000000000E+00
       287  -0.116843750000000E+00  -0.388197500000000E+00   0.100000000000000E+01
       288  -0.204745000000000E+00  -0.359255000000000E+00   0.100000000000000E+01
       289  -0.954905000000000E-01  -0.500000000000000E+00   0.100000000000000E+01
       290  -0.190981000000000E+00  -0.500000000000000E+00   0.100000000000000E+01
       291  -0.215452000000000E+00  -0.107725850000000E+00   0.000000000000000E+00
       292  -0.276395000000000E+00  -0.138197000000000E+00   0.000000000000000E+00
       293  -0.215452000000000E+00  -0.107725850000000E+00   0.100000000000000E+01
       294  -0.276395000000000E+00  -0.138197000000000E+00   0.100000000000000E+01
       295  -0.295255000000000E+00  -0.140745000000000E+00   0.000000000000000E+00
       296  -0.281491000000000E+00  -0.281491000000000E+00   0.000000000000000E+00
       297  -0.250000000000000E+00  -0.250000000000000E+00   0.000000000000000E+00
       298  -0.223605000000000E+00  -0.361803000000000E+00   0.000000000000000E+00
       299  -0.295255000000000E+00  -0.140745000000000E+00   0.100000000000000E+01
       300  -0.281491000000000E+00  -0.281491000000000E+00   0.100000000000000E+01
       301  -0.250000000000000E+00  -0.250000000000000E+00   0.100000000000000E+01
       302  -0.223605000000000E+00  -0.361803000000000E+00   0.100000000000000E+01
       303  -0.313491000000000E+00  -0.313491000000000E+00   0.000000000000000E+00
       304  -0.345491000000000E+00  -0.345491000000000E+00   0.000000000000000E+00
       305  -0.284548000000000E+00  -0.392274000000000E+00   0.000000000000000E+00
       306  -0.345491000000000E+00  -0.422745000000000E+00   0.000000000000000E+00
       307  -0.268236000000000E+00  -0.500000000000000E+00   0.000000000000000E+00
       308  -0.345491000000000E+00  -0.500000000000000E+00   0.000000000000000E+00
       309  -0.313491000000000E+00  -0.313491000000000E+00   0.100000000000000E+01
       310  -0.345491000000000E+00  -0.345491000000000E+00   0.100000000000000E+01
       311  -0.284548000000000E+00  -0.392274000000000E+00   0.100000000000000E+01
       312  -0.345491000000000E+00  -0.422745000000000E+00   0.100000000000000E+01
       313  -0.268236000000000E+00  -0.500000000000000E+00   0.100000000000000E+01
       314  -0.345491000000000E+00  -0.500000000000000E+00   0.100000000000000E+01
       315  -0.383156000000000E+00  -0.111802250000000E+00   0.000000000000000E+00
       316  -0.500000000000000E+00  -0.954905000000000E-01   0.000000000000000E+00
       317  -0.361803000000000E+00  -0.223605000000000E+00   0.000000000000000E+00
       318  -0.500000000000000E+00  -0.190981000000000E+00   0.000000000000000E+00
       319  -0.383156000000000E+00  -0.111802250000000E+00   0.100000000000000E+01
       320  -0.500000000000000E+00  -0.954905000000000E-01   0.100000000000000E+01
       321  -0.361803000000000E+00  -0.223605000000000E+00   0.100000000000000E+01
       322  -0.500000000000000E+00  -0.190981000000000E+00   0.100000000000000E+01
       323  -0.392274000000000E+00  -0.284548000000000E+00   0.000000000000000E+00
       324  -0.500000000000000E+00  -0.268236000000000E+00   0.000000000000000E+00
       325  -0.422745000000000E+00  -0.345491000000000E+00   0.000000000000000E+00
       326  -0.500000000000000E+00  -0.345491000000000E+00   0.000000000000000E+00
       327  -0.392274000000000E+00  -0.284548000000000E+00   0.100000000000000E+01
       328  -0.500000000000000E+00  -0.268236000000000E+00   0.100000000000000E+01
       329  -0.422745000000000E+00  -0.345491000000000E+00   0.100000000000000E+01
       330  -0.500000000000000E+00  -0.345491000000000E+00   0.100000000000000E+01
       331  -0.422745000000000E+00  -0.422745000000000E+00   0.000000000000000E+00
       332  -0.500000000000000E+00  -0.422745000000000E+00   0.000000000000000E+00
       333  -0.422745000000000E+00  -0.500000000000000E+00   0.000000000000000E+00
       334  -0.500000000000000E+00  -0.500000000000000E+00   0.000000000000000E+00
       335  -0.422745000000000E+00  -0.422745000000000E+00   0.100000000000000E+01
       336  -0.500000000000000E+00  -0.422745000000000E+00   0.100000000000000E+01
       337  -0.422745000000000E+00  -0.500000000000000E+00   0.100000000000000E+01
       338  -0.500000000000000E+00  -0.500000000000000E+00   0.100000000000000E+01
       720         4
         1         2         1         2         4        10
         2         2         5         4         2        14
         3         2        11         2        10        14
         4         2        13        10         4        14
         5         2        10         2         4        14
         6         2         3         6         2        12
         7         2         5         2         6        14
         8         2        11         2        14        12
         9         2        15        14         6        12
        10         2        14         2         6        12
        11         2         5         8         4        14
        12         2         7         4         8        16
        13         2        13         4        16        14
        14         2        17        16         8        14
        15         2        16         4         8        14
        16         2         5         6         8        14
        17         2         9         8         6        18
        18         2        15         6        14        18
        19         2        17        14         8        18
        20         2        14         6         8        18
        21         2         7         8        19        16
        22         2        20        19         8        26
        23         2        17         8        16        26
        24         2        25        16        19        26
        25         2        16         8        19        26
        26         2         9        21         8        18
        27         2        20         8        21        26
        28         2        17         8        26        18
        29         2        27        26        21        18
        30         2        26         8        21        18
        31         2        20        23        19        26
        32         2        22        19        23        28
        33         2        25        19        28        26
        34         2        29        28        23        26
        35         2        28        19        23        26
        36         2        20        21        23        26
        37         2        24        23        21        30
        38         2        27        21        26        30
        39         2        29        26        23        30
        40         2        26        21        23        30
        41         1        22        23        31        28
        42         1        32        31        23        38
        43         1        29        23        28        38
        44         1        37        28        31        38
        45         1        28        23        31        38
        46         1        24        33        23        30
        47         1        32        23        33        38
        48         1        29        23        38        30
        49         1        39        38        33        30
        50         1        38        23        33        30
        51         1        32        35        31        38
        52         1        34        31        35        40
        53         1        37        31        40        38
        54         1        41        40        35        38
        55         1        40        31        35        38
        56         1        32        33        35        38
        57         1        36        35        33        42
        58         1        39        33        38        42
        59         1        41        38        35        42
        60         1        38        33        35        42
        61         2         3        43         6        12
        62         2        45         6        43        49
        63         2        47        43        12        49
        64         2        15        12         6        49
        65         2        12        43         6        49
        66         2        44        46        43        48
        67         2        45        43        46        49
        68         2        47        43        49        48
        69         2        50        49        46        48
        70         2        49        43        46        48
        71         2        45        21         6        49
        72         2         9         6        21        18
        73         2        15         6        18        49
        74         2        27        18        21        49
        75         2        18         6        21        49
        76         2        45        46        21        49
        77         2        24        21        46        30
        78         2        50        46        49        30
        79         2        27        49        21        30
        80         2        49        46        21        30
        81         1        44        51        46        48
        82         1        53        46        51        57
        83         1        55        51        48        57
        84         1        50        48        46        57
        85         1        48        51        46        57
        86         1        52        54        51        56
        87         1        53        51        54        57
        88         1        55        51        57        56
        89         1        58        57        54        56
        90         1        57        51        54        56
        91         1        53        33        46        57
        92         1        24        46        33        30
        93         1        50        46        30        57
        94         1        39        30        33        57
        95         1        30        46        33        57
        96         1        53        54        33        57
        97         1        36        33        54        42
        98         1        58        54        57        42
        99         1        39        57        33        42
       100         1        57        54        33        42
       101         2        52        59        54        56
       102         2        61        54        59        67
       103         2        65        59        56        67
       104         2        58        56        54        67
       105         2        56        59        54        67
       106         2        60        62        59        66
       107         2        61        59        62        67
       108         2        65        59        67        66
       109         2        68        67        62        66
       110         2        67        59        62        66
       111         2        61        63        54        67
       112         2        36        54        63        42
       113         2        58        54        42        67
       114         2        69        42        63        67
       115         2        42        54        63        67
       116         2        61        62        63        67
       117         2        64        63        62        70
       118         2        68        62        67        70
       119         2        69        67        63        70
       120         2        67        62        63        70
       121         1        44        71        51        48
       122         1        73        51        71        79
       123         1        77        71        48        79
       124         1        55        48        51        79
       125         1        48        71        51        79
       126         1        72        74        71        78
       127         1        73        71        74        79
       128         1        77        71        79        78
       129         1        80        79        74        78
       130         1        79        71        74        78
       131         1        73        75        51        79
       132         1        52        51        75        56
       133         1        55        51        56        79
       134         1        81        56        75        79
       135         1        56        51        75        79
       136         1        73        74        75        79
       137         1        76        75        74        82
       138         1        80        74        79        82
       139         1        81        79        75        82
       140         1        79        74        75        82
       141         2        52        75        59        56
       142         2        83        59        75        87
       143         2        81        75        56        87
       144         2        65        56        59        87
       145         2        56        75        59        87
       146         2        76        84        75        82
       147         2        83        75        84        87
       148         2        81        75        87        82
       149         2        88        87        84        82
       150         2        87        75        84        82
       151         2        83        85        59        87
       152         2        60        59        85        66
       153         2        65        59        66        87
       154         2        89        66        85        87
       155         2        66        59        85        87
       156         2        83        84        85        87
       157         2        86        85        84        90
       158         2        88        84        87        90
       159         2        89        87        85        90
       160         2        87        84        85        90
       161         2        60        85        62        66
       162         2        91        62        85        95
       163         2        89        85        66        95
       164         2        68        66        62        95
       165         2        66        85        62        95
       166         2        86        92        85        90
       167         2        91        85        92        95
       168         2        89        85        95        90
       169         2        96        95        92        90
       170         2        95        85        92        90
       171         2        91        93        62        95
       172         2        64        62        93        70
       173         2        68        62        70        95
       174         2        97        70        93        95
       175         2        70        62        93        95
       176         2        91        92        93        95
       177         2        94        93        92        98
       178         2        96        92        95        98
       179         2        97        95        93        98
       180         2        95        92        93        98
       181         2         7        99         4        16
       182         2       101         4        99       107
       183         2       105        99        16       107
       184         2        13        16         4       107
       185         2        16        99         4       107
       186         2       100       102        99       106
       187         2       101        99       102       107
       188         2       105        99       107       106
       189         2       108       107       102       106
       190         2       107        99       102       106
       191         2       101       103         4       107
       192         2         1         4       103        10
       193         2        13         4        10       107
       194         2       109        10       103       107
       195         2        10         4       103       107
       196         2       101       102       103       107
       197         2       104       103       102       110
       198         2       108       102       107       110
       199         2       109       107       103       110
       200         2       107       102       103       110
       201         2        22       111        19        28
       202         2       113        19       111       117
       203         2       115       111        28       117
       204         2        25        28        19       117
       205         2        28       111        19       117
       206         2       112       114       111       116
       207         2       113       111       114       117
       208         2       115       111       117       116
       209         2       118       117       114       116
       210         2       117       111       114       116
       211         2       113        99        19       117
       212         2         7        19        99        16
       213         2        25        19        16       117
       214         2       105        16        99       117
       215         2        16        19        99       117
       216         2       113       114        99       117
       217         2       100        99       114       106
       218         2       118       114       117       106
       219         2       105       117        99       106
       220         2       117       114        99       106
       221         1        34       119        31        40
       222         1       121        31       119       125
       223         1       123       119        40       125
       224         1        37        40        31       125
       225         1        40       119        31       125
       226         1       120       122       119       124
       227         1       121       119       122       125
       228         1       123       119       125       124
       229         1       126       125       122       124
       230         1       125       119       122       124
       231         1       121       111        31       125
       232         1        22        31       111        28
       233         1        37        31        28       125
       234         1       115        28       111       125
       235         1        28        31       111       125
       236         1       121       122       111       125
       237         1       112       111       122       116
       238         1       126       122       125       116
       239         1       115       125       111       116
       240         1       125       122       111       116
       241         2       100       114       102       106
       242         2       127       102       114       131
       243         2       118       114       106       131
       244         2       108       106       102       131
       245         2       106       114       102       131
       246         2       112       128       114       116
       247         2       127       114       128       131
       248         2       118       114       131       116
       249         2       132       131       128       116
       250         2       131       114       128       116
       251         2       127       129       102       131
       252         2       104       102       129       110
       253         2       108       102       110       131
       254         2       133       110       129       131
       255         2       110       102       129       131
       256         2       127       128       129       131
       257         2       130       129       128       134
       258         2       132       128       131       134
       259         2       133       131       129       134
       260         2       131       128       129       134
       261         1       112       122       128       116
       262         1       135       128       122       139
       263         1       126       122       116       139
       264         1       132       116       128       139
       265         1       116       122       128       139
       266         1       120       136       122       124
       267         1       135       122       136       139
       268         1       126       122       139       124
       269         1       140       139       136       124
       270         1       139       122       136       124
       271         1       135       137       128       139
       272         1       130       128       137       134
       273         1       132       128       134       139
       274         1       141       134       137       139
       275         1       134       128       137       139
       276         1       135       136       137       139
       277         1       138       137       136       142
       278         1       140       136       139       142
       279         1       141       139       137       142
       280         1       139       136       137       142
       281         2       120       143       136       124
       282         2       145       136       143       151
       283         2       149       143       124       151
       284         2       140       124       136       151
       285         2       124       143       136       151
       286         2       144       146       143       150
       287         2       145       143       146       151
       288         2       149       143       151       150
       289         2       152       151       146       150
       290         2       151       143       146       150
       291         2       145       147       136       151
       292         2       138       136       147       142
       293         2       140       136       142       151
       294         2       153       142       147       151
       295         2       142       136       147       151
       296         2       145       146       147       151
       297         2       148       147       146       154
       298         2       152       146       151       154
       299         2       153       151       147       154
       300         2       151       146       147       154
       301         1       138       155       137       142
       302         1       157       137       155       163
       303         1       161       155       142       163
       304         1       141       142       137       163
       305         1       142       155       137       163
       306         1       156       158       155       162
       307         1       157       155       158       163
       308         1       161       155       163       162
       309         1       164       163       158       162
       310         1       163       155       158       162
       311         1       157       159       137       163
       312         1       130       137       159       134
       313         1       141       137       134       163
       314         1       165       134       159       163
       315         1       134       137       159       163
       316         1       157       158       159       163
       317         1       160       159       158       166
       318         1       164       158       163       166
       319         1       165       163       159       166
       320         1       163       158       159       166
       321         2       148       167       147       154
       322         2       169       147       167       173
       323         2       171       167       154       173
       324         2       153       154       147       173
       325         2       154       167       147       173
       326         2       168       170       167       172
       327         2       169       167       170       173
       328         2       171       167       173       172
       329         2       174       173       170       172
       330         2       173       167       170       172
       331         2       169       155       147       173
       332         2       138       147       155       142
       333         2       153       147       142       173
       334         2       161       142       155       173
       335         2       142       147       155       173
       336         2       169       170       155       173
       337         2       156       155       170       162
       338         2       174       170       173       162
       339         2       161       173       155       162
       340         2       173       170       155       162
       341         2       144       175       146       150
       342         2       177       146       175       181
       343         2       179       175       150       181
       344         2       152       150       146       181
       345         2       150       175       146       181
       346         2       176       178       175       180
       347         2       177       175       178       181
       348         2       179       175       181       180
       349         2       182       181       178       180
       350         2       181       175       178       180
       351         2       177       167       146       181
       352         2       148       146       167       154
       353         2       152       146       154       181
       354         2       171       154       167       181
       355         2       154       146       167       181
       356         2       177       178       167       181
       357         2       168       167       178       172
       358         2       182       178       181       172
       359         2       171       181       167       172
       360         2       181       178       167       172
       361         2       183       184       186       189
       362         2       187       186       184       193
       363         2       190       184       189       193
       364         2       192       189       186       193
       365         2       189       184       186       193
       366         2       185       188       184       191
       367         2       187       184       188       193
       368         2       190       184       193       191
       369         2       194       193       188       191
       370         2       193       184       188       191
       371         2       187         2       186       193
       372         2         1       186         2        10
       373         2       192       186        10       193
       374         2        11        10         2       193
       375         2        10       186         2       193
       376         2       187       188         2       193
       377         2         3         2       188        12
       378         2       194       188       193        12
       379         2        11       193         2        12
       380         2       193       188         2        12
       381         2       195       196       198       201
       382         2       199       198       196       205
       383         2       202       196       201       205
       384         2       204       201       198       205
       385         2       201       196       198       205
       386         2       197       200       196       203
       387         2       199       196       200       205
       388         2       202       196       205       203
       389         2       206       205       200       203
       390         2       205       196       200       203
       391         2       199       184       198       205
       392         2       183       198       184       189
       393         2       204       198       189       205
       394         2       190       189       184       205
       395         2       189       198       184       205
       396         2       199       200       184       205
       397         2       185       184       200       191
       398         2       206       200       205       191
       399         2       190       205       184       191
       400         2       205       200       184       191
       401         1       207       208       210       213
       402         1       211       210       208       217
       403         1       214       208       213       217
       404         1       216       213       210       217
       405         1       213       208       210       217
       406         1       209       212       208       215
       407         1       211       208       212       217
       408         1       214       208       217       215
       409         1       218       217       212       215
       410         1       217       208       212       215
       411         1       211       196       210       217
       412         1       195       210       196       201
       413         1       216       210       201       217
       414         1       202       201       196       217
       415         1       201       210       196       217
       416         1       211       212       196       217
       417         1       197       196       212       203
       418         1       218       212       217       203
       419         1       202       217       196       203
       420         1       217       212       196       203
       421         2       185       200       188       191
       422         2       219       188       200       221
       423         2       206       200       191       221
       424         2       194       191       188       221
       425         2       191       200       188       221
       426         2       197       220       200       203
       427         2       219       200       220       221
       428         2       206       200       221       203
       429         2       222       221       220       203
       430         2       221       200       220       203
       431         2       219        43       188       221
       432         2         3       188        43        12
       433         2       194       188        12       221
       434         2        47        12        43       221
       435         2        12       188        43       221
       436         2       219       220        43       221
       437         2        44        43       220        48
       438         2       222       220       221        48
       439         2        47       221        43        48
       440         2       221       220        43        48
       441         1       197       212       220       203
       442         1       223       220       212       227
       443         1       218       212       203       227
       444         1       222       203       220       227
       445         1       203       212       220       227
       446         1       209       224       212       215
       447         1       223       212       224       227
       448         1       218       212       227       215
       449         1       228       227       224       215
       450         1       227       212       224       215
       451         1       223       225       220       227
       452         1        44       220       225        48
       453         1       222       220        48       227
       454         1       229        48       225       227
       455         1        48       220       225       227
       456         1       223       224       225       227
       457         1       226       225       224       230
       458         1       228       224       227       230
       459         1       229       227       225       230
       460         1       227       224       225       230
       461         2       209       231       224       215
       462         2       233       224       231       239
       463         2       237       231       215       239
       464         2       228       215       224       239
       465         2       215       231       224       239
       466         2       232       234       231       238
       467         2       233       231       234       239
       468         2       237       231       239       238
       469         2       240       239       234       238
       470         2       239       231       234       238
       471         2       233       235       224       239
       472         2       226       224       235       230
       473         2       228       224       230       239
       474         2       241       230       235       239
       475         2       230       224       235       239
       476         2       233       234       235       239
       477         2       236       235       234       242
       478         2       240       234       239       242
       479         2       241       239       235       242
       480         2       239       234       235       242
       481         1       226       243       225       230
       482         1       245       225       243       249
       483         1       247       243       230       249
       484         1       229       230       225       249
       485         1       230       243       225       249
       486         1       244       246       243       248
       487         1       245       243       246       249
       488         1       247       243       249       248
       489         1       250       249       246       248
       490         1       249       243       246       248
       491         1       245        71       225       249
       492         1        44       225        71        48
       493         1       229       225        48       249
       494         1        77        48        71       249
       495         1        48       225        71       249
       496         1       245       246        71       249
       497         1        72        71       246        78
       498         1       250       246       249        78
       499         1        77       249        71        78
       500         1       249       246        71        78
       501         2       236       251       235       242
       502         2       253       235       251       257
       503         2       255       251       242       257
       504         2       241       242       235       257
       505         2       242       251       235       257
       506         2       252       254       251       256
       507         2       253       251       254       257
       508         2       255       251       257       256
       509         2       258       257       254       256
       510         2       257       251       254       256
       511         2       253       243       235       257
       512         2       226       235       243       230
       513         2       241       235       230       257
       514         2       247       230       243       257
       515         2       230       235       243       257
       516         2       253       254       243       257
       517         2       244       243       254       248
       518         2       258       254       257       248
       519         2       247       257       243       248
       520         2       257       254       243       248
       521         2       232       259       234       238
       522         2       261       234       259       265
       523         2       263       259       238       265
       524         2       240       238       234       265
       525         2       238       259       234       265
       526         2       260       262       259       264
       527         2       261       259       262       265
       528         2       263       259       265       264
       529         2       266       265       262       264
       530         2       265       259       262       264
       531         2       261       251       234       265
       532         2       236       234       251       242
       533         2       240       234       242       265
       534         2       255       242       251       265
       535         2       242       234       251       265
       536         2       261       262       251       265
       537         2       252       251       262       256
       538         2       266       262       265       256
       539         2       255       265       251       256
       540         2       265       262       251       256
       541         2         1       103       186        10
       542         2       267       186       103       271
       543         2       109       103        10       271
       544         2       192        10       186       271
       545         2        10       103       186       271
       546         2       104       268       103       110
       547         2       267       103       268       271
       548         2       109       103       271       110
       549         2       272       271       268       110
       550         2       271       103       268       110
       551         2       267       269       186       271
       552         2       183       186       269       189
       553         2       192       186       189       271
       554         2       273       189       269       271
       555         2       189       186       269       271
       556         2       267       268       269       271
       557         2       270       269       268       274
       558         2       272       268       271       274
       559         2       273       271       269       274
       560         2       271       268       269       274
       561         2       183       269       198       189
       562         2       275       198       269       279
       563         2       273       269       189       279
       564         2       204       189       198       279
       565         2       189       269       198       279
       566         2       270       276       269       274
       567         2       275       269       276       279
       568         2       273       269       279       274
       569         2       280       279       276       274
       570         2       279       269       276       274
       571         2       275       277       198       279
       572         2       195       198       277       201
       573         2       204       198       201       279
       574         2       281       201       277       279
       575         2       201       198       277       279
       576         2       275       276       277       279
       577         2       278       277       276       282
       578         2       280       276       279       282
       579         2       281       279       277       282
       580         2       279       276       277       282
       581         1       195       277       210       201
       582         1       283       210       277       287
       583         1       281       277       201       287
       584         1       216       201       210       287
       585         1       201       277       210       287
       586         1       278       284       277       282
       587         1       283       277       284       287
       588         1       281       277       287       282
       589         1       288       287       284       282
       590         1       287       277       284       282
       591         1       283       285       210       287
       592         1       207       210       285       213
       593         1       216       210       213       287
       594         1       289       213       285       287
       595         1       213       210       285       287
       596         1       283       284       285       287
       597         1       286       285       284       290
       598         1       288       284       287       290
       599         1       289       287       285       290
       600         1       287       284       285       290
       601         2       104       129       268       110
       602         2       291       268       129       293
       603         2       133       129       110       293
       604         2       272       110       268       293
       605         2       110       129       268       293
       606         2       130       292       129       134
       607         2       291       129       292       293
       608         2       133       129       293       134
       609         2       294       293       292       134
       610         2       293       129       292       134
       611         2       291       276       268       293
       612         2       270       268       276       274
       613         2       272       268       274       293
       614         2       280       274       276       293
       615         2       274       268       276       293
       616         2       291       292       276       293
       617         2       278       276       292       282
       618         2       294       292       293       282
       619         2       280       293       276       282
       620         2       293       292       276       282
       621         1       130       295       292       134
       622         1       297       292       295       301
       623         1       299       295       134       301
       624         1       294       134       292       301
       625         1       134       295       292       301
       626         1       296       298       295       300
       627         1       297       295       298       301
       628         1       299       295       301       300
       629         1       302       301       298       300
       630         1       301       295       298       300
       631         1       297       284       292       301
       632         1       278       292       284       282
       633         1       294       292       282       301
       634         1       288       282       284       301
       635         1       282       292       284       301
       636         1       297       298       284       301
       637         1       286       284       298       290
       638         1       302       298       301       290
       639         1       288       301       284       290
       640         1       301       298       284       290
       641         2       296       303       298       300
       642         2       305       298       303       311
       643         2       309       303       300       311
       644         2       302       300       298       311
       645         2       300       303       298       311
       646         2       304       306       303       310
       647         2       305       303       306       311
       648         2       309       303       311       310
       649         2       312       311       306       310
       650         2       311       303       306       310
       651         2       305       307       298       311
       652         2       286       298       307       290
       653         2       302       298       290       311
       654         2       313       290       307       311
       655         2       290       298       307       311
       656         2       305       306       307       311
       657         2       308       307       306       314
       658         2       312       306       311       314
       659         2       313       311       307       314
       660         2       311       306       307       314
       661         1       130       159       295       134
       662         1       315       295       159       319
       663         1       165       159       134       319
       664         1       299       134       295       319
       665         1       134       159       295       319
       666         1       160       316       159       166
       667         1       315       159       316       319
       668         1       165       159       319       166
       669         1       320       319       316       166
       670         1       319       159       316       166
       671         1       315       317       295       319
       672         1       296       295       317       300
       673         1       299       295       300       319
       674         1       321       300       317       319
       675         1       300       295       317       319
       676         1       315       316       317       319
       677         1       318       317       316       322
       678         1       320       316       319       322
       679         1       321       319       317       322
       680         1       319       316       317       322
       681         2       296       317       303       300
       682         2       323       303       317       327
       683         2       321       317       300       327
       684         2       309       300       303       327
       685         2       300       317       303       327
       686         2       318       324       317       322
       687         2       323       317       324       327
       688         2       321       317       327       322
       689         2       328       327       324       322
       690         2       327       317       324       322
       691         2       323       325       303       327
       692         2       304       303       325       310
       693         2       309       303       310       327
       694         2       329       310       325       327
       695         2       310       303       325       327
       696         2       323       324       325       327
       697         2       326       325       324       330
       698         2       328       324       327       330
       699         2       329       327       325       330
       700         2       327       324       325       330
       701         2       304       325       306       310
       702         2       331       306       325       335
       703         2       329       325       310       335
       704         2       312       310       306       335
       705         2       310       325       306       335
       706         2       326       332       325       330
       707         2       331       325       332       335
       708         2       329       325       335       330
       709         2       336       335       332       330
       710         2       335       325       332       330
       711         2       331       333       306       335
       712         2       308       306       333       314
       713         2       312       306       314       335
       714         2       337       314       333       335
       715         2       314       306       333       335
       716         2       331       332       333       335
       717         2       334       333       332       338
       718         2       336       332       335       338
       719         2       337       335       333       338
       720         2       335       332       333       338
       194
         1         1        10
         2         2        11
         3         3        12
         4         4        13
         5         5        14
         6         6        15
         7         7        16
         8         8        17
         9         9        18
        10        19        25
        11        20        26
        12        21        27
        13        22        28
        14        23        29
        15        24        30
        16        31        37
        17        32        38
        18        33        39
        19        34        40
        20        35        41
        21        36        42
        22        43        47
        23        44        48
        24        45        49
        25        46        50
        26        51        55
        27        52        56
        28        53        57
        29        54        58
        30        59        65
        31        60        66
        32        61        67
        33        62        68
        34        63        69
        35        64        70
        36        71        77
        37        72        78
        38        73        79
        39        74        80
        40        75        81
        41        76        82
        42        83        87
        43        84        88
        44        85        89
        45        86        90
        46        91        95
        47        92        96
        48        93        97
        49        94        98
        50        99       105
        51       100       106
        52       101       107
        53       102       108
        54       103       109
        55       104       110
        56       111       115
        57       112       116
        58       113       117
        59       114       118
        60       119       123
        61       120       124
        62       121       125
        63       122       126
        64       127       131
        65       128       132
        66       129       133
        67       130       134
        68       135       139
        69       136       140
        70       137       141
        71       138       142
        72       143       149
        73       144       150
        74       145       151
        75       146       152
        76       147       153
        77       148       154
        78        76       156
        79        74       158
        80        72       160
        81       155       161
        82        76       162
        83       157       163
        84        74       164
        85       159       165
        86        72       166
        87        86       168
        88        84       170
        89       167       171
        90        86       172
        91       169       173
        92        84       174
        93        94       176
        94        92       178
        95       175       179
        96        94       180
        97       177       181
        98        92       182
        99       183       189
       100       184       190
       101       185       191
       102       186       192
       103       187       193
       104       188       194
       105       195       201
       106       196       202
       107       197       203
       108       198       204
       109       199       205
       110       200       206
       111        34       207
       112        35       208
       113        36       209
       114        34       213
       115        35       214
       116        36       215
       117       210       216
       118       211       217
       119       212       218
       120       219       221
       121       220       222
       122       223       227
       123       224       228
       124       225       229
       125       226       230
       126        63       231
       127        64       232
       128        63       237
       129        64       238
       130       233       239
       131       234       240
       132       235       241
       133       236       242
       134       243       247
       135       244       248
       136       245       249
       137       246       250
       138       251       255
       139       252       256
       140       253       257
       141       254       258
       142        93       259
       143        94       260
       144        93       263
       145        94       264
       146       261       265
       147       262       266
       148       267       271
       149       268       272
       150       269       273
       151       270       274
       152       275       279
       153       276       280
       154       277       281
       155       278       282
       156       119       285
       157       120       286
       158       283       287
       159       284       288
       160       119       289
       161       120       290
       162       291       293
       163       292       294
       164       295       299
       165       296       300
       166       297       301
       167       298       302
       168       143       307
       169       144       308
       170       303       309
       171       304       310
       172       305       311
       173       306       312
       174       143       313
       175       144       314
       176       246       316
       177       244       318
       178       315       319
       179       246       320
       180       317       321
       181       244       322
       182       254       324
       183       252       326
       184       323       327
       185       254       328
       186       325       329
       187       252       330
       188       262       332
       189       175       333
       190        94       334
       191       331       335
       192       262       336
       193       175       337
       194        94       338
         1
MATERIAL CONSTANTS                                                              
    2
     0.100000000E+06
    1    0
     0.576923077E+00
     0.384615385E+00
     0.000000000E+00
    2    0
     0.576923077E+01
     0.384615385E+01
     0.000000000E+00
     0.100000000E+01     volume
         0
         0
