 EHijkl    
   187.712328444726        16.3931340945657        16.3931340945602     
 -1.946945182732797E-013 -1.206967373220110E-016 -1.170422996000590E-015
   32.7037089559641        11.9315875270435      -1.100501383138298E-013
  4.237224940919516E-016 -4.137179970818226E-015   32.7037089559482     
 -4.462269452165087E-013 -7.644293306719500E-016  9.222443025949118E-016
   4.45595073245204      -3.346670578531118E-016 -2.241864363593345E-015
   6.53105158958257       1.361774512686633E-012   6.53105158958493     
 CHijkl    
  5.692460234324580E-003 -2.090660784224648E-003 -2.090660784224755E-003
 -6.137397367279950E-018 -1.932387471652066E-021 -4.498017086617964E-021
  3.604045470171365E-002 -1.210099312402093E-002 -2.065297032857394E-016
 -1.896619635016445E-018  1.208220143969348E-017  3.604045470173095E-002
  1.609473118723610E-015  2.482410931226854E-018 -6.564719836752379E-018
  5.610474958335748E-002  2.874944596146172E-018  1.925865030982649E-017
  3.827867481536440E-002 -7.981398252328886E-015  3.827867481535058E-002
